1 96.4321
2 95.0655
3 93.8289
4 92.7309
5 91.7867
6 91.0011
7 90.3664
8 89.8663
9 89.4801
10 89.1865
11 88.966
12 88.8019
13 88.6806
14 88.5914
15 88.5261
16 88.4783
17 88.4435
18 88.4181
19 88.3997
20 88.3863
21 88.3766
22 88.3695
23 88.3644
24 88.3607
25 88.358
26 88.356
27 88.3546
28 88.3536
29 88.3528
30 88.3523
31 88.3519
32 88.3516
33 88.3514
34 88.3512
35 88.3511
36 88.3511
37 88.351
38 88.351
39 88.3509
40 88.3509
41 88.3509
42 88.3509
43 88.3509
44 88.3509
45 88.3509
46 88.3509
47 88.3509
48 88.3508
49 88.3508
50 88.3508
51 88.3508
52 88.3508
53 88.3508
54 88.3508
55 88.3508
56 88.3508
57 88.3508
58 88.3508
59 88.3508
60 88.3508
61 88.3508
62 88.3508
63 88.3508
64 88.3508
65 88.3508
