0 0 1
0 1 0.995185
0 2 0.980785
0 3 0.95694
0 4 0.92388
0 5 0.881921
0 6 0.83147
0 7 0.77301
0 8 0.707107
0 9 0.634393
0 10 0.55557
0 11 0.471397
0 12 0.382683
0 13 0.290285
0 14 0.19509
0 15 0.0980171
0 16 6.12323e-17
0 17 -0.0980171
0 18 -0.19509
0 19 -0.290285
0 20 -0.382683
0 21 -0.471397
0 22 -0.55557
0 23 -0.634393
0 24 -0.707107
0 25 -0.77301
0 26 -0.83147
0 27 -0.881921
0 28 -0.92388
0 29 -0.95694
0 30 -0.980785
0 31 -0.995185
0 32 -1

1 0 0.995185
1 1 0.990413
1 2 0.976095
1 3 0.952373
1 4 0.919476
1 5 0.877722
1 6 0.827513
1 7 0.769335
1 8 0.703746
1 9 0.631379
1 10 0.552931
1 11 0.469158
1 12 0.380867
1 13 0.288907
1 14 0.194164
1 15 0.0975519
1 16 -5.06748e-12
1 17 -0.0975519
1 18 -0.194164
1 19 -0.288907
1 20 -0.380867
1 21 -0.469158
1 22 -0.552931
1 23 -0.631379
1 24 -0.703746
1 25 -0.769335
1 26 -0.827513
1 27 -0.877722
1 28 -0.919476
1 29 -0.952373
1 30 -0.976095
1 31 -0.990413
1 32 -0.995185

2 0 0.980785
2 1 0.976095
2 2 0.961994
2 3 0.938622
2 4 0.906205
2 5 0.865058
2 6 0.815577
2 7 0.75824
2 8 0.693598
2 9 0.622276
2 10 0.54496
2 11 0.462395
2 12 0.375377
2 13 0.284742
2 14 0.191366
2 15 0.0961459
2 16 -2.21463e-11
2 17 -0.0961459
2 18 -0.191366
2 19 -0.284742
2 20 -0.375377
2 21 -0.462395
2 22 -0.54496
2 23 -0.622276
2 24 -0.693598
2 25 -0.75824
2 26 -0.815577
2 27 -0.865058
2 28 -0.906205
2 29 -0.938622
2 30 -0.961994
2 31 -0.976095
2 32 -0.980785

3 0 0.95694
3 1 0.952373
3 2 0.938622
3 3 0.915823
3 4 0.884199
3 5 0.844054
3 6 0.795777
3 7 0.739834
3 8 0.676763
3 9 0.607173
3 10 0.531734
3 11 0.451173
3 12 0.366267
3 13 0.277832
3 14 0.186722
3 15 0.0938127
3 16 -4.52256e-11
3 17 -0.0938127
3 18 -0.186722
3 19 -0.277832
3 20 -0.366267
3 21 -0.451173
3 22 -0.531734
3 23 -0.607173
3 24 -0.676763
3 25 -0.739834
3 26 -0.795777
3 27 -0.844054
3 28 -0.884199
3 29 -0.915823
3 30 -0.938622
3 31 -0.952373
3 32 -0.95694

4 0 0.92388
4 1 0.919476
4 2 0.906205
4 3 0.884199
4 4 0.85367
4 5 0.814914
4 6 0.768306
4 7 0.714296
4 8 0.653403
4 9 0.586216
4 10 0.513382
4 11 0.435602
4 12 0.353626
4 13 0.268244
4 14 0.180278
4 15 0.0905751
4 16 -7.31127e-11
4 17 -0.0905751
4 18 -0.180278
4 19 -0.268244
4 20 -0.353626
4 21 -0.435602
4 22 -0.513382
4 23 -0.586216
4 24 -0.653403
4 25 -0.714296
4 26 -0.768306
4 27 -0.814914
4 28 -0.85367
4 29 -0.884199
4 30 -0.906205
4 31 -0.919476
4 32 -0.92388

5 0 0.881921
5 1 0.877722
5 2 0.865058
5 3 0.844054
5 4 0.814914
5 5 0.77792
5 6 0.73343
5 7 0.681873
5 8 0.623745
5 9 0.559609
5 10 0.490081
5 11 0.415831
5 12 0.337576
5 13 0.256069
5 14 0.172096
5 15 0.0864643
5 16 -9.72452e-11
5 17 -0.0864643
5 18 -0.172096
5 19 -0.256069
5 20 -0.337576
5 21 -0.415831
5 22 -0.490081
5 23 -0.559609
5 24 -0.623745
5 25 -0.681873
5 26 -0.73343
5 27 -0.77792
5 28 -0.814914
5 29 -0.844054
5 30 -0.865058
5 31 -0.877722
5 32 -0.881921

6 0 0.83147
6 1 0.827513
6 2 0.815577
6 3 0.795777
6 4 0.768306
6 5 0.73343
6 6 0.691486
6 7 0.642878
6 8 0.588075
6 9 0.527607
6 10 0.462056
6 11 0.392053
6 12 0.318273
6 13 0.241427
6 14 0.162255
6 15 0.0815201
6 16 -1.23999e-10
6 17 -0.0815201
6 18 -0.162255
6 19 -0.241427
6 20 -0.318273
6 21 -0.392053
6 22 -0.462056
6 23 -0.527607
6 24 -0.588075
6 25 -0.642878
6 26 -0.691486
6 27 -0.73343
6 28 -0.768306
6 29 -0.795777
6 30 -0.815577
6 31 -0.827513
6 32 -0.83147

7 0 0.77301
7 1 0.769335
7 2 0.75824
7 3 0.739834
7 4 0.714296
7 5 0.681873
7 6 0.642878
7 7 0.597688
7 8 0.546738
7 9 0.490521
7 10 0.429578
7 11 0.364495
7 12 0.295902
7 13 0.224457
7 14 0.15085
7 15 0.0757902
7 16 -1.45566e-10
7 17 -0.0757902
7 18 -0.15085
7 19 -0.224457
7 20 -0.295902
7 21 -0.364495
7 22 -0.429578
7 23 -0.490521
7 24 -0.546738
7 25 -0.597688
7 26 -0.642878
7 27 -0.681873
7 28 -0.714296
7 29 -0.739834
7 30 -0.75824
7 31 -0.769335
7 32 -0.77301

8 0 0.707107
8 1 0.703746
8 2 0.693598
8 3 0.676763
8 4 0.653403
8 5 0.623745
8 6 0.588075
8 7 0.546738
8 8 0.500133
8 9 0.448708
8 10 0.39296
8 11 0.333425
8 12 0.270679
8 13 0.205324
8 14 0.137992
8 15 0.0693298
8 16 -1.6187e-10
8 17 -0.0693298
8 18 -0.137992
8 19 -0.205324
8 20 -0.270679
8 21 -0.333425
8 22 -0.39296
8 23 -0.448708
8 24 -0.500133
8 25 -0.546738
8 26 -0.588075
8 27 -0.623745
8 28 -0.653403
8 29 -0.676763
8 30 -0.693598
8 31 -0.703746
8 32 -0.707107

9 0 0.634393
9 1 0.631379
9 2 0.622276
9 3 0.607173
9 4 0.586216
9 5 0.559609
9 6 0.527607
9 7 0.490521
9 8 0.448708
9 9 0.402571
9 10 0.352555
9 11 0.299142
9 12 0.242847
9 13 0.184213
9 14 0.123803
9 15 0.0622014
9 16 -1.71418e-10
9 17 -0.0622014
9 18 -0.123803
9 19 -0.184213
9 20 -0.242847
9 21 -0.299142
9 22 -0.352555
9 23 -0.402571
9 24 -0.448708
9 25 -0.490521
9 26 -0.527607
9 27 -0.559609
9 28 -0.586216
9 29 -0.607173
9 30 -0.622276
9 31 -0.631379
9 32 -0.634393

10 0 0.55557
10 1 0.552931
10 2 0.54496
10 3 0.531734
10 4 0.513382
10 5 0.490081
10 6 0.462056
10 7 0.429578
10 8 0.39296
10 9 0.352555
10 10 0.308753
10 11 0.261977
10 12 0.212676
10 13 0.161326
10 14 0.108422
10 15 0.0544735
10 16 -1.76637e-10
10 17 -0.0544735
10 18 -0.108422
10 19 -0.161326
10 20 -0.212676
10 21 -0.261977
10 22 -0.308753
10 23 -0.352555
10 24 -0.39296
10 25 -0.429578
10 26 -0.462056
10 27 -0.490081
10 28 -0.513382
10 29 -0.531734
10 30 -0.54496
10 31 -0.552931
10 32 -0.55557

11 0 0.471397
11 1 0.469158
11 2 0.462395
11 3 0.451173
11 4 0.435602
11 5 0.415831
11 6 0.392053
11 7 0.364495
11 8 0.333425
11 9 0.299142
11 10 0.261977
11 11 0.222287
11 12 0.180455
11 13 0.136885
11 14 0.0919962
11 15 0.0462207
11 16 -1.75353e-10
11 17 -0.0462207
11 18 -0.0919962
11 19 -0.136885
11 20 -0.180455
11 21 -0.222287
11 22 -0.261977
11 23 -0.299142
11 24 -0.333425
11 25 -0.364495
11 26 -0.392053
11 27 -0.415831
11 28 -0.435602
11 29 -0.451173
11 30 -0.462395
11 31 -0.469158
11 32 -0.471397

12 0 0.382683
12 1 0.380867
12 2 0.375377
12 3 0.366267
12 4 0.353626
12 5 0.337576
12 6 0.318273
12 7 0.295902
12 8 0.270679
12 9 0.242847
12 10 0.212676
12 11 0.180455
12 12 0.146496
12 13 0.111125
12 14 0.0746837
12 15 0.0375226
12 16 -1.68354e-10
12 17 -0.0375226
12 18 -0.0746837
12 19 -0.111125
12 20 -0.146496
12 21 -0.180455
12 22 -0.212676
12 23 -0.242847
12 24 -0.270679
12 25 -0.295902
12 26 -0.318273
12 27 -0.337576
12 28 -0.353626
12 29 -0.366267
12 30 -0.375377
12 31 -0.380867
12 32 -0.382683

13 0 0.290285
13 1 0.288907
13 2 0.284742
13 3 0.277832
13 4 0.268244
13 5 0.256069
13 6 0.241427
13 7 0.224457
13 8 0.205324
13 9 0.184213
13 10 0.161326
13 11 0.136885
13 12 0.111125
13 13 0.0842945
13 14 0.0566517
13 15 0.0284629
13 16 -1.57642e-10
13 17 -0.0284629
13 18 -0.0566517
13 19 -0.0842945
13 20 -0.111125
13 21 -0.136885
13 22 -0.161326
13 23 -0.184213
13 24 -0.205324
13 25 -0.224457
13 26 -0.241427
13 27 -0.256069
13 28 -0.268244
13 29 -0.277832
13 30 -0.284742
13 31 -0.288907
13 32 -0.290285

14 0 0.19509
14 1 0.194164
14 2 0.191366
14 3 0.186722
14 4 0.180278
14 5 0.172096
14 6 0.162255
14 7 0.15085
14 8 0.137992
14 9 0.123803
14 10 0.108422
14 11 0.0919962
14 12 0.0746837
14 13 0.0566517
14 14 0.0380738
14 15 0.019129
14 16 -1.43639e-10
14 17 -0.019129
14 18 -0.0380738
14 19 -0.0566517
14 20 -0.0746837
14 21 -0.0919962
14 22 -0.108422
14 23 -0.123803
14 24 -0.137992
14 25 -0.15085
14 26 -0.162255
14 27 -0.172096
14 28 -0.180278
14 29 -0.186722
14 30 -0.191366
14 31 -0.194164
14 32 -0.19509

15 0 0.0980171
15 1 0.0975519
15 2 0.0961459
15 3 0.0938127
15 4 0.0905751
15 5 0.0864643
15 6 0.0815201
15 7 0.0757902
15 8 0.0693298
15 9 0.0622014
15 10 0.0544735
15 11 0.0462207
15 12 0.0375226
15 13 0.0284629
15 14 0.019129
15 15 0.00961081
15 16 -1.28672e-10
15 17 -0.00961082
15 18 -0.019129
15 19 -0.0284629
15 20 -0.0375226
15 21 -0.0462207
15 22 -0.0544735
15 23 -0.0622014
15 24 -0.0693298
15 25 -0.0757902
15 26 -0.0815201
15 27 -0.0864643
15 28 -0.0905751
15 29 -0.0938127
15 30 -0.0961459
15 31 -0.0975519
15 32 -0.0980171

16 0 6.12323e-17
16 1 -5.06744e-12
16 2 -2.21463e-11
16 3 -4.52255e-11
16 4 -7.31126e-11
16 5 -9.7245e-11
16 6 -1.23999e-10
16 7 -1.45566e-10
16 8 -1.6187e-10
16 9 -1.71417e-10
16 10 -1.76637e-10
16 11 -1.75353e-10
16 12 -1.68354e-10
16 13 -1.57642e-10
16 14 -1.43639e-10
16 15 -1.28672e-10
16 16 -1.14627e-10
16 17 -1.00911e-10
16 18 -8.51374e-11
16 19 -7.01002e-11
16 20 -5.63818e-11
16 21 -4.55882e-11
16 22 -3.44174e-11
16 23 -2.52454e-11
16 24 -1.66748e-11
16 25 -1.01309e-11
16 26 -6.34039e-12
16 27 -3.86754e-12
16 28 -2.49223e-12
16 29 -1.08757e-12
16 30 -7.59385e-13
16 31 -2.61093e-13
16 32 -6.12323e-17

17 0 -0.0980171
17 1 -0.0975519
17 2 -0.0961459
17 3 -0.0938127
17 4 -0.0905751
17 5 -0.0864643
17 6 -0.0815201
17 7 -0.0757902
17 8 -0.0693298
17 9 -0.0622014
17 10 -0.0544735
17 11 -0.0462207
17 12 -0.0375226
17 13 -0.0284629
17 14 -0.019129
17 15 -0.00961082
17 16 -1.00911e-10
17 17 0.00961081
17 18 0.019129
17 19 0.0284629
17 20 0.0375226
17 21 0.0462207
17 22 0.0544735
17 23 0.0622014
17 24 0.0693298
17 25 0.0757902
17 26 0.0815201
17 27 0.0864643
17 28 0.0905751
17 29 0.0938127
17 30 0.0961459
17 31 0.0975519
17 32 0.0980171

18 0 -0.19509
18 1 -0.194164
18 2 -0.191366
18 3 -0.186722
18 4 -0.180278
18 5 -0.172096
18 6 -0.162255
18 7 -0.15085
18 8 -0.137992
18 9 -0.123803
18 10 -0.108422
18 11 -0.0919962
18 12 -0.0746837
18 13 -0.0566517
18 14 -0.0380738
18 15 -0.019129
18 16 -8.51374e-11
18 17 0.019129
18 18 0.0380738
18 19 0.0566517
18 20 0.0746837
18 21 0.0919962
18 22 0.108422
18 23 0.123803
18 24 0.137992
18 25 0.15085
18 26 0.162255
18 27 0.172096
18 28 0.180278
18 29 0.186722
18 30 0.191366
18 31 0.194164
18 32 0.19509

19 0 -0.290285
19 1 -0.288907
19 2 -0.284742
19 3 -0.277832
19 4 -0.268244
19 5 -0.256069
19 6 -0.241427
19 7 -0.224457
19 8 -0.205324
19 9 -0.184213
19 10 -0.161326
19 11 -0.136885
19 12 -0.111125
19 13 -0.0842945
19 14 -0.0566517
19 15 -0.0284629
19 16 -7.01002e-11
19 17 0.0284629
19 18 0.0566517
19 19 0.0842945
19 20 0.111125
19 21 0.136885
19 22 0.161326
19 23 0.184213
19 24 0.205324
19 25 0.224457
19 26 0.241427
19 27 0.256069
19 28 0.268244
19 29 0.277832
19 30 0.284742
19 31 0.288907
19 32 0.290285

20 0 -0.382683
20 1 -0.380867
20 2 -0.375377
20 3 -0.366267
20 4 -0.353626
20 5 -0.337576
20 6 -0.318273
20 7 -0.295902
20 8 -0.270679
20 9 -0.242847
20 10 -0.212676
20 11 -0.180455
20 12 -0.146496
20 13 -0.111125
20 14 -0.0746837
20 15 -0.0375226
20 16 -5.63817e-11
20 17 0.0375226
20 18 0.0746837
20 19 0.111125
20 20 0.146496
20 21 0.180455
20 22 0.212676
20 23 0.242847
20 24 0.270679
20 25 0.295902
20 26 0.318273
20 27 0.337576
20 28 0.353626
20 29 0.366267
20 30 0.375377
20 31 0.380867
20 32 0.382683

21 0 -0.471397
21 1 -0.469158
21 2 -0.462395
21 3 -0.451173
21 4 -0.435602
21 5 -0.415831
21 6 -0.392053
21 7 -0.364495
21 8 -0.333425
21 9 -0.299142
21 10 -0.261977
21 11 -0.222287
21 12 -0.180455
21 13 -0.136885
21 14 -0.0919962
21 15 -0.0462207
21 16 -4.55882e-11
21 17 0.0462207
21 18 0.0919962
21 19 0.136885
21 20 0.180455
21 21 0.222287
21 22 0.261977
21 23 0.299142
21 24 0.333425
21 25 0.364495
21 26 0.392053
21 27 0.415831
21 28 0.435602
21 29 0.451173
21 30 0.462395
21 31 0.469158
21 32 0.471397

22 0 -0.55557
22 1 -0.552931
22 2 -0.54496
22 3 -0.531734
22 4 -0.513382
22 5 -0.490081
22 6 -0.462056
22 7 -0.429578
22 8 -0.39296
22 9 -0.352555
22 10 -0.308753
22 11 -0.261977
22 12 -0.212676
22 13 -0.161326
22 14 -0.108422
22 15 -0.0544735
22 16 -3.44174e-11
22 17 0.0544735
22 18 0.108422
22 19 0.161326
22 20 0.212676
22 21 0.261977
22 22 0.308753
22 23 0.352555
22 24 0.39296
22 25 0.429578
22 26 0.462056
22 27 0.490081
22 28 0.513382
22 29 0.531734
22 30 0.54496
22 31 0.552931
22 32 0.55557

23 0 -0.634393
23 1 -0.631379
23 2 -0.622276
23 3 -0.607173
23 4 -0.586216
23 5 -0.559609
23 6 -0.527607
23 7 -0.490521
23 8 -0.448708
23 9 -0.402571
23 10 -0.352555
23 11 -0.299142
23 12 -0.242847
23 13 -0.184213
23 14 -0.123803
23 15 -0.0622014
23 16 -2.52454e-11
23 17 0.0622014
23 18 0.123803
23 19 0.184213
23 20 0.242847
23 21 0.299142
23 22 0.352555
23 23 0.402571
23 24 0.448708
23 25 0.490521
23 26 0.527607
23 27 0.559609
23 28 0.586216
23 29 0.607173
23 30 0.622276
23 31 0.631379
23 32 0.634393

24 0 -0.707107
24 1 -0.703746
24 2 -0.693598
24 3 -0.676763
24 4 -0.653403
24 5 -0.623745
24 6 -0.588075
24 7 -0.546738
24 8 -0.500133
24 9 -0.448708
24 10 -0.39296
24 11 -0.333425
24 12 -0.270679
24 13 -0.205324
24 14 -0.137992
24 15 -0.0693298
24 16 -1.66747e-11
24 17 0.0693298
24 18 0.137992
24 19 0.205324
24 20 0.270679
24 21 0.333425
24 22 0.39296
24 23 0.448708
24 24 0.500133
24 25 0.546738
24 26 0.588075
24 27 0.623745
24 28 0.653403
24 29 0.676763
24 30 0.693598
24 31 0.703746
24 32 0.707107

25 0 -0.77301
25 1 -0.769335
25 2 -0.75824
25 3 -0.739834
25 4 -0.714296
25 5 -0.681873
25 6 -0.642878
25 7 -0.597688
25 8 -0.546738
25 9 -0.490521
25 10 -0.429578
25 11 -0.364495
25 12 -0.295902
25 13 -0.224457
25 14 -0.15085
25 15 -0.0757902
25 16 -1.01308e-11
25 17 0.0757902
25 18 0.15085
25 19 0.224457
25 20 0.295902
25 21 0.364495
25 22 0.429578
25 23 0.490521
25 24 0.546738
25 25 0.597688
25 26 0.642878
25 27 0.681873
25 28 0.714296
25 29 0.739834
25 30 0.75824
25 31 0.769335
25 32 0.77301

26 0 -0.83147
26 1 -0.827513
26 2 -0.815577
26 3 -0.795777
26 4 -0.768306
26 5 -0.73343
26 6 -0.691486
26 7 -0.642878
26 8 -0.588075
26 9 -0.527607
26 10 -0.462056
26 11 -0.392053
26 12 -0.318273
26 13 -0.241427
26 14 -0.162255
26 15 -0.0815201
26 16 -6.34035e-12
26 17 0.0815201
26 18 0.162255
26 19 0.241427
26 20 0.318273
26 21 0.392053
26 22 0.462056
26 23 0.527607
26 24 0.588075
26 25 0.642878
26 26 0.691486
26 27 0.73343
26 28 0.768306
26 29 0.795777
26 30 0.815577
26 31 0.827513
26 32 0.83147

27 0 -0.881921
27 1 -0.877722
27 2 -0.865058
27 3 -0.844054
27 4 -0.814914
27 5 -0.77792
27 6 -0.73343
27 7 -0.681873
27 8 -0.623745
27 9 -0.559609
27 10 -0.490081
27 11 -0.415831
27 12 -0.337576
27 13 -0.256069
27 14 -0.172096
27 15 -0.0864643
27 16 -3.86752e-12
27 17 0.0864643
27 18 0.172096
27 19 0.256069
27 20 0.337576
27 21 0.415831
27 22 0.490081
27 23 0.559609
27 24 0.623745
27 25 0.681873
27 26 0.73343
27 27 0.77792
27 28 0.814914
27 29 0.844054
27 30 0.865058
27 31 0.877722
27 32 0.881921

28 0 -0.92388
28 1 -0.919476
28 2 -0.906205
28 3 -0.884199
28 4 -0.85367
28 5 -0.814914
28 6 -0.768306
28 7 -0.714296
28 8 -0.653403
28 9 -0.586216
28 10 -0.513382
28 11 -0.435602
28 12 -0.353626
28 13 -0.268244
28 14 -0.180278
28 15 -0.0905751
28 16 -2.49222e-12
28 17 0.0905751
28 18 0.180278
28 19 0.268244
28 20 0.353626
28 21 0.435602
28 22 0.513382
28 23 0.586216
28 24 0.653403
28 25 0.714296
28 26 0.768306
28 27 0.814914
28 28 0.85367
28 29 0.884199
28 30 0.906205
28 31 0.919476
28 32 0.92388

29 0 -0.95694
29 1 -0.952373
29 2 -0.938622
29 3 -0.915823
29 4 -0.884199
29 5 -0.844054
29 6 -0.795777
29 7 -0.739834
29 8 -0.676763
29 9 -0.607173
29 10 -0.531734
29 11 -0.451173
29 12 -0.366267
29 13 -0.277832
29 14 -0.186722
29 15 -0.0938127
29 16 -1.08756e-12
29 17 0.0938127
29 18 0.186722
29 19 0.277832
29 20 0.366267
29 21 0.451173
29 22 0.531734
29 23 0.607173
29 24 0.676763
29 25 0.739834
29 26 0.795777
29 27 0.844054
29 28 0.884199
29 29 0.915823
29 30 0.938622
29 31 0.952373
29 32 0.95694

30 0 -0.980785
30 1 -0.976095
30 2 -0.961994
30 3 -0.938622
30 4 -0.906205
30 5 -0.865058
30 6 -0.815577
30 7 -0.75824
30 8 -0.693598
30 9 -0.622276
30 10 -0.54496
30 11 -0.462395
30 12 -0.375377
30 13 -0.284742
30 14 -0.191366
30 15 -0.0961459
30 16 -7.59375e-13
30 17 0.0961459
30 18 0.191366
30 19 0.284742
30 20 0.375377
30 21 0.462395
30 22 0.54496
30 23 0.622276
30 24 0.693598
30 25 0.75824
30 26 0.815577
30 27 0.865058
30 28 0.906205
30 29 0.938622
30 30 0.961994
30 31 0.976095
30 32 0.980785

31 0 -0.995185
31 1 -0.990413
31 2 -0.976095
31 3 -0.952373
31 4 -0.919476
31 5 -0.877722
31 6 -0.827513
31 7 -0.769335
31 8 -0.703746
31 9 -0.631379
31 10 -0.552931
31 11 -0.469158
31 12 -0.380867
31 13 -0.288907
31 14 -0.194164
31 15 -0.0975519
31 16 -2.61083e-13
31 17 0.0975519
31 18 0.194164
31 19 0.288907
31 20 0.380867
31 21 0.469158
31 22 0.552931
31 23 0.631379
31 24 0.703746
31 25 0.769335
31 26 0.827513
31 27 0.877722
31 28 0.919476
31 29 0.952373
31 30 0.976095
31 31 0.990413
31 32 0.995185

32 0 -1
32 1 -0.995185
32 2 -0.980785
32 3 -0.95694
32 4 -0.92388
32 5 -0.881921
32 6 -0.83147
32 7 -0.77301
32 8 -0.707107
32 9 -0.634393
32 10 -0.55557
32 11 -0.471397
32 12 -0.382683
32 13 -0.290285
32 14 -0.19509
32 15 -0.0980171
32 16 -6.12323e-17
32 17 0.0980171
32 18 0.19509
32 19 0.290285
32 20 0.382683
32 21 0.471397
32 22 0.55557
32 23 0.634393
32 24 0.707107
32 25 0.77301
32 26 0.83147
32 27 0.881921
32 28 0.92388
32 29 0.95694
32 30 0.980785
32 31 0.995185
32 32 1

