1 96.4277
2 95.061
3 93.8246
4 92.7269
5 91.7831
6 90.998
7 90.3638
8 89.8642
9 89.4784
10 89.1852
11 88.965
12 88.8011
13 88.68
14 88.591
15 88.5257
16 88.4781
17 88.4433
18 88.418
19 88.3996
20 88.3862
21 88.3765
22 88.3695
23 88.3644
24 88.3607
25 88.358
26 88.356
27 88.3546
28 88.3536
29 88.3528
30 88.3523
31 88.3519
32 88.3516
33 88.3514
34 88.3512
35 88.3511
36 88.3511
37 88.351
38 88.351
39 88.3509
40 88.3509
41 88.3509
42 88.3509
43 88.3509
44 88.3509
45 88.3509
46 88.3509
47 88.3509
48 88.3509
49 88.3508
50 88.3508
51 88.3508
52 88.3508
53 88.3508
54 88.3508
55 88.3508
56 88.3508
57 88.3508
58 88.3508
59 88.3508
60 88.3508
61 88.3508
62 88.3508
63 88.3508
64 88.3508
65 88.3508
