1 0 0.115675
0.998027 0.0627905 0.11575
0.992115 0.125333 0.115726
0.982287 0.187381 0.11581
0.968583 0.24869 0.116154
0.951057 0.309017 0.116011
0.929776 0.368125 0.115874
0.904827 0.425779 0.115905
0.876307 0.481754 0.115973
0.844328 0.535827 0.116157
0.809017 0.587785 0.115652
0.770513 0.637424 0.115988
0.728969 0.684547 0.115882
0.684547 0.728969 0.115728
0.637424 0.770513 0.116037
0.587785 0.809017 0.115234
0.535827 0.844328 0.116006
0.481753 0.876307 0.115848
0.425779 0.904827 0.115978
0.368124 0.929777 0.115791
0.309017 0.951057 0.115627
0.24869 0.968583 0.116069
0.187381 0.982287 0.115513
0.125333 0.992115 0.116134
0.0627901 0.998027 0.115871
-4.01339e-07 1 0.115866
-0.0627909 0.998027 0.116242
-0.125334 0.992115 0.115607
-0.187382 0.982287 0.116134
-0.24869 0.968583 0.11585
-0.309018 0.951056 0.115608
-0.368125 0.929776 0.116134
-0.42578 0.904827 0.11628
-0.481754 0.876306 0.115819
-0.535827 0.844328 0.116237
-0.587786 0.809017 0.115813
-0.637425 0.770513 0.115855
-0.684548 0.728968 0.115904
-0.728969 0.684547 0.116107
-0.770514 0.637423 0.116114
-0.809017 0.587785 0.116042
-0.844328 0.535826 0.115935
-0.876307 0.481753 0.116007
-0.904827 0.425779 0.115734
-0.929777 0.368124 0.115925
-0.951057 0.309016 0.116066
-0.968583 0.248689 0.115727
-0.982287 0.18738 0.11592
-0.992115 0.125332 0.115752
-0.998027 0.0627895 0.116045
-1 -1.0411e-06 0.116202
-0.998027 -0.0627916 0.115981
-0.992115 -0.125334 0.11567
-0.982287 -0.187382 0.116181
-0.968583 -0.248691 0.115908
-0.951056 -0.309018 0.115962
-0.929776 -0.368126 0.115805
-0.904827 -0.42578 0.115789
-0.876306 -0.481755 0.116077
-0.844327 -0.535828 0.116035
-0.809016 -0.587786 0.115781
-0.770512 -0.637425 0.115916
-0.728968 -0.684548 0.11607
-0.684546 -0.72897 0.115629
-0.637423 -0.770514 0.115249
-0.587784 -0.809018 0.116091
-0.535826 -0.844329 0.116201
-0.481753 -0.876307 0.115718
-0.425778 -0.904828 0.116078
-0.368123 -0.929777 0.116063
-0.309016 -0.951057 0.115732
-0.248689 -0.968583 0.115716
-0.18738 -0.982288 0.115929
-0.125332 -0.992115 0.116273
-0.0627891 -0.998027 0.115734
1.44244e-06 -1 0.116077
0.062792 -0.998027 0.116256
0.125335 -0.992115 0.115793
0.187383 -0.982287 0.116246
0.248691 -0.968583 0.115654
0.309018 -0.951056 0.116247
0.368126 -0.929776 0.116051
0.425781 -0.904826 0.115796
0.481755 -0.876306 0.115935
0.535828 -0.844327 0.115712
0.587787 -0.809016 0.11582
0.637425 -0.770512 0.11613
0.684548 -0.728967 0.116102
0.72897 -0.684546 0.116001
0.770514 -0.637423 0.116126
0.809018 -0.587784 0.115994
0.844329 -0.535825 0.115847
0.876308 -0.481752 0.115757
0.904828 -0.425778 0.115955
0.929777 -0.368123 0.115906
0.951057 -0.309015 0.115844
0.968584 -0.248688 0.116237
0.982288 -0.187379 0.115822
0.992115 -0.125331 0.115647
0.998027 -0.0627885 0.116127
-0.975605 0.00596181 0.116499
-0.90964 -0.258093 0.118006
-0.622568 -0.671586 0.120208
-0.916487 0.275444 0.11734
-0.721164 -0.638273 0.116961
-0.687519 -0.668271 0.117132
-0.428725 -0.854765 0.117384
-0.621299 0.164438 0.227138
-0.566806 -0.775965 0.117181
-0.725765 0.464905 0.129212
-0.746086 0.584771 0.117816
-0.804659 0.479377 0.118407
-0.12139 -0.952697 0.11715
-0.679309 0.665772 0.117562
-0.450094 -0.484709 0.212207
-0.519697 0.824742 0.116584
-0.576589 0.746115 0.118154
0.324251 0.468585 0.292948
0.00113445 -0.818633 0.140049
-0.168923 0.754415 0.155066
-0.246932 0.901445 0.118744
0.2249 -0.892002 0.120133
-0.11855 0.912598 0.12011
0.354989 -0.879267 0.1178
0.299167 -0.913259 0.117086
-0.184712 0.93524 0.117355
-0.057863 0.898547 0.122907
0.34395 -0.821745 0.124321
0.290096 -0.855069 0.122524
-0.735831 -0.386209 0.136631
-0.406122 0.797053 0.123681
0.591909 -0.742507 0.117726
-0.408363 0.864051 0.11731
0.035559 0.935309 0.11873
0.771777 -0.0150314 0.155373
-0.25192 0.0476713 1.12045
0.604173 0.581104 0.134405
0.797233 -0.384844 0.124862
0.853351 -0.423472 0.117435
0.284257 0.809572 0.129721
-0.58963 0.47339 0.161897
-0.0396534 0.972995 0.116714
0.565374 -0.643838 0.130564
-0.0581865 -0.923885 0.119604
0.0914579 -0.451083 0.450866
-0.53721 -0.666535 0.130349
0.714423 -0.628136 0.117639
-0.362798 0.682113 0.155169
0.380936 0.877296 0.117258
0.00896578 -0.912425 0.12128
0.168495 0.907251 0.119919
-0.18035 -0.914856 0.118767
0.426766 0.846738 0.117756
0.317287 0.877603 0.118676
0.519846 0.740826 0.121791
-0.681036 0.515588 0.13116
0.88944 -0.31695 0.118085
-0.790096 0.542874 0.117232
0.488996 0.808836 0.11789
-0.524471 -0.812889 0.11678
0.749318 0.588077 0.117544
-0.349706 0.89027 0.117511
0.923571 -0.107852 0.119255
-0.337532 -0.894924 0.117322
-0.471696 -0.674947 0.1387
0.953545 -0.0613867 0.117247
0.884241 -0.0608483 0.124772
0.948712 0.0370283 0.117828
0.753463 0.337395 0.137895
0.867295 0.00335078 0.128306
-0.777722 0.314213 0.134687
0.87281 0.172036 0.124243
-0.828075 -0.490301 0.117048
0.932212 0.251291 0.116789
0.86549 0.371762 0.118133
-0.859513 -0.0777547 0.129019
0.305838 -0.649633 0.179344
0.870674 0.250635 0.121928
-0.801916 0.192771 0.138217
-0.953475 -0.0786822 0.11739
-0.0122743 -0.958218 0.117295
-0.0263523 -0.868275 0.128032
0.364 0.81973 0.123163
-0.4649 0.74687 0.125833
-0.929987 -0.184597 0.117684
-0.335933 0.732131 0.143981
0.664779 -0.671977 0.117988
-0.943842 -0.0255194 0.118148
0.764854 -0.532681 0.11892
-0.884312 0.101463 0.124401
-0.514996 -0.759725 0.120671
-0.56457 -0.726933 0.120175
-0.853926 -0.372522 0.118803
0.428643 -0.50067 0.215023
0.18434 -0.787108 0.142862
-0.675153 -0.552332 0.127407
-0.78912 -0.526896 0.117653
0.4932 -0.684081 0.133263
0.437682 -0.346951 0.30563
-0.0226588 0.940992 0.118438
-0.678223 -0.616667 0.120829
-0.624111 -0.588206 0.130315
-0.504168 0.641027 0.140797
-0.493697 0.234864 0.320382
-0.864064 0.36942 0.118339
-0.833016 0.316273 0.124188
0.241332 0.904509 0.118465
-0.855019 0.451364 0.116941
0.819725 -0.446572 0.118881
0.146208 0.0540957 1.8287
0.664389 0.664939 0.118367
0.710927 0.622697 0.11795
-0.586645 0.0345725 0.275073
-0.263177 0.483862 0.315151
-0.0507708 0.569803 0.290713
0.846371 -0.274586 0.124277
-0.741486 0.524775 0.121784
0.220794 -0.262195 0.747087
-0.722951 0.636426 0.117062
0.112448 -0.925794 0.119014
-0.353985 0.837103 0.121828
0.530147 -0.764285 0.118894
-0.522552 0.778718 0.118588
-0.304538 0.871493 0.119997
-0.839074 -0.441192 0.117783
-0.589395 -0.277358 0.220204
-0.467355 0.814574 0.118447
-0.686444 0.607615 0.120843
0.284674 -0.796645 0.132947
0.393159 -0.8472 0.118942
0.175804 -0.941963 0.117263
0.271398 -0.736468 0.150614
-0.331406 -0.83308 0.123287
0.127693 0.753766 0.158066
-0.0375386 0.796978 0.146125
-0.179915 0.856116 0.126706
0.102862 -0.863899 0.127764
-0.0713883 0.95288 0.117422
-0.491662 -0.074934 0.387063
-0.620457 0.62983 0.125243
0.0268968 0.707515 0.184926
0.911272 -0.238553 0.118114
0.109454 0.938927 0.117864
-0.121611 -0.596277 0.254693
0.662858 -0.609897 0.122768
0.425007 0.279356 0.37059
0.487219 0.597532 0.15584
-0.707081 0.397083 0.142081
0.636769 -0.720652 0.117137
-0.276498 -0.348626 0.480212
-0.560063 -0.44251 0.181567
-0.456039 0.536671 0.186463
0.271593 0.859295 0.122722
0.380296 0.629869 0.170669
0.38666 0.758568 0.131567
-0.587488 0.570535 0.139777
0.868782 -0.375639 0.1178
-0.461432 -0.733823 0.128304
0.702859 0.490848 0.130177
0.802335 -0.234775 0.135446
0.599704 0.709986 0.119087
0.813805 0.49676 0.117399
-0.381229 -0.872685 0.117493
0.828734 -0.0837083 0.13603
0.93703 0.157105 0.117527
0.755014 0.531629 0.119768
0.846324 0.436287 0.117589
0.822075 -0.0330838 0.138672
-0.928637 0.193766 0.117782
0.792967 0.16733 0.142052
-0.790811 -0.406574 0.124491
0.900237 0.309947 0.117533
0.849116 0.312511 0.122284
0.0704919 -0.696379 0.189124
-0.934311 0.0547197 0.118528
-0.0035643 0.891454 0.124174
-0.313071 -0.701196 0.157009
-0.251444 -0.901894 0.118605
0.609474 0.636895 0.12565
0.875437 -0.187484 0.123569
0.42386 0.796542 0.12262
-0.347982 0.780636 0.131068
-0.170808 -0.797753 0.140468
-0.484264 -0.602396 0.154415
0.925895 -0.00762957 0.11956
0.542235 0.47558 0.177343
0.844944 0.117379 0.131186
-0.597827 0.272906 0.216556
0.919068 0.0962212 0.119438
-0.738295 -0.57948 0.118294
0.919227 0.203412 0.118209
-0.774974 -0.273807 0.139136
-0.74213 0.065826 0.166373
0.465595 -0.751123 0.125516
0.561639 -0.585933 0.142124
-0.741365 0.212294 0.155556
-0.798376 0.258593 0.134228
-0.913084 -0.0604886 0.121015
-0.62574 0.703149 0.11818
-0.920466 -0.112652 0.119416
-0.322035 0.633543 0.183283
0.753979 -0.592351 0.117278
-0.458815 -0.802308 0.119651
0.656508 -0.32198 0.172463
0.231381 -0.690216 0.174287
-0.0797509 -0.872071 0.126834
0.557997 -0.70401 0.123233
0.377395 -0.374538 0.339726
-0.525246 0.728858 0.123272
-0.631813 0.377941 0.170311
0.188016 0.846156 0.128104
0.153113 0.378 0.560613
-0.932123 0.137887 0.118196
0.655182 0.602597 0.124248
-0.828013 -0.180388 0.13267
-0.451192 0.601226 0.163574
-0.116765 0.32116 0.751323
0.293602 -0.424497 0.360627
0.0504706 -0.955696 0.117267
-0.432373 -0.241645 0.390643
0.47613 -0.810672 0.118306
0.171181 -0.843289 0.12971
-0.204145 -0.700984 0.173221
0.242131 0.84552 0.126123
-0.0952866 0.840632 0.132776
-0.0960626 0.779281 0.150572
0.122393 -0.800346 0.142403
-0.378572 -0.342327 0.367862
-0.496602 0.694627 0.131291
0.0370838 0.753446 0.162624
-0.404737 -0.584025 0.183039
0.622164 -0.6409 0.124018
0.290146 0.355687 0.451754
0.450929 0.42204 0.246756
-0.769333 0.417324 0.126852
-0.370078 -0.087845 0.630913
-0.459493 -0.410971 0.248668
-0.51691 0.570462 0.156063
0.287912 0.735777 0.148481
-0.504718 0.506459 0.180959
-0.395073 -0.817869 0.121879
0.538664 0.559158 0.153413
0.618494 -0.21658 0.217905
0.718545 -0.111654 0.174591
0.773576 -0.0664058 0.15348
0.640639 0.26388 0.193249
0.801339 0.285101 0.131768
0.0412678 -0.607053 0.255605
-0.406163 -0.695292 0.143731
0.44781 0.750136 0.127022
-0.391612 0.736 0.135897
-0.086995 -0.704134 0.183754
-0.427551 -0.639486 0.1565
0.540606 0.351125 0.225148
0.904217 0.0380116 0.122244
-0.682438 0.335056 0.160281
-0.77877 -0.177851 0.146033
-0.806505 0.144194 0.139768
0.71771 -0.492647 0.127822
-0.756568 0.156593 0.155135
-0.863333 0.270077 0.12219
-0.0653756 -0.819117 0.138947
0.333211 0.76617 0.135353
-0.838344 -0.316267 0.123615
-0.210437 0.777738 0.143589
-0.794638 0.0442977 0.14669
0.655704 -0.549506 0.130679
-0.889379 -0.0125448 0.124444
-0.845959 0.223402 0.126999
-0.50918 -0.711594 0.126976
-0.781713 -0.333546 0.131638
0.344246 -0.53406 0.232566
0.410515 -0.608942 0.171544
0.06221 -0.904867 0.122018
-0.561809 -0.605287 0.137648
-0.786825 -0.465604 0.121107
-0.655601 -0.490606 0.139723
0.371897 -0.726404 0.140679
0.561468 -0.478034 0.169747
0.727764 0.141917 0.16785
-0.0362887 0.85361 0.131191
-0.577749 -0.547428 0.146636
-0.408981 0.40315 0.288245
-0.560456 0.151246 0.281849
-0.275453 0.204168 0.74793
-0.892738 0.318149 0.117789
-0.754219 0.380849 0.133426
-0.832072 0.417895 0.119195
0.730463 -0.402247 0.135991
0.813483 -0.491496 0.117644
-0.0768782 -0.162237 1.63285
0.345432 -0.122161 0.673318
-0.496149 0.119291 0.367428
-0.706569 0.170104 0.175318
0.0446618 0.248583 1.1399
-0.24361 0.728016 0.157212
0.333066 0.594285 0.200656
-0.150443 0.674679 0.19431
0.8372 -0.329677 0.122957
0.4336 -0.230539 0.397565
-0.0621177 -0.0284874 2.54975
-0.700902 0.559191 0.123544
-0.309346 0.81728 0.127293
0.405494 -0.784374 0.125348
-0.284911 0.765998 0.140335
-0.697652 -0.016692 0.190529
-0.745651 -0.437135 0.129094
-0.6189 0.515239 0.144104
0.332903 -0.76081 0.136703
0.132577 -0.619688 0.234208
0.236144 -0.775579 0.142407
-0.362014 -0.78453 0.129146
0.0727708 0.895986 0.123128
0.0813115 0.628731 0.233811
-0.0659068 0.736551 0.168916
0.0732437 0.798926 0.144549
0.0347701 -0.863154 0.129168
0.157163 -0.893336 0.122028
-0.355383 0.121326 0.645346
-0.584145 -0.027215 0.277284
0.188349 0.484819 0.353121
0.925612 -0.162867 0.118339
0.00358193 -0.682642 0.199389
0.0821521 -0.277065 0.96144
0.304538 0.0577422 0.868986
0.610757 0.441545 0.162788
0.570176 0.61006 0.135473
-0.659242 0.28583 0.179301
-0.649005 0.452258 0.148423
0.606981 -0.687574 0.120747
-0.370563 -0.486464 0.252494
0.0270584 -0.444041 0.47903
-0.643914 -0.377167 0.166014
-0.547249 0.404105 0.201155
-0.344686 0.563287 0.213769
0.395223 0.570845 0.192035
0.463054 0.686062 0.137006
0.440271 0.623673 0.158238
-0.557118 0.617657 0.136386
-0.649013 0.566064 0.129722
0.81781 0.400443 0.121451
0.69671 0.559472 0.123737
0.782872 -0.299769 0.134675
0.528328 0.675459 0.130124
0.767403 0.402688 0.128396
0.824095 -0.181227 0.133394
0.760678 0.466139 0.123993
-0.865704 0.165837 0.125555
0.807575 0.0234353 0.142976
0.820741 0.222126 0.132015
0.0606465 -0.814664 0.140474
0.206856 -0.736273 0.158406
0.0160204 0.7861 0.150352
-0.266097 -0.841743 0.125583
-0.252147 -0.481867 0.324302
-0.205519 -0.850591 0.12679
0.864404 -0.130008 0.126831
0.85236 -0.222948 0.125886
-0.246809 -0.746626 0.149979
-0.115233 -0.902704 0.121682
-0.529149 -0.501394 0.173486
0.606986 0.516463 0.146305
0.440825 0.478537 0.220734
-0.591776 0.209885 0.23839
-0.548823 0.305128 0.238772
0.854207 0.0619394 0.130371
-0.853593 -0.269243 0.123611
-0.720277 -0.336647 0.147035
-0.77872 -0.00967164 0.152947
-0.628755 0.0937077 0.23159
0.432649 -0.658816 0.149518
0.461124 -0.560942 0.175272
-0.663633 0.218839 0.189318
-0.828982 -0.0125387 0.137143
-0.387602 0.619698 0.172772
0.727757 -0.34526 0.143526
0.276719 -0.686854 0.168705
0.199591 -0.342092 0.590107
0.116064 0.864151 0.12711
0.209674 0.584106 0.244782
-0.868494 -0.149217 0.125757
-0.314865 0.361102 0.417049
0.248722 -0.526972 0.279809
-0.51959 -0.386731 0.223141
-0.889305 -0.315655 0.118164
0.231524 -0.824475 0.130593
-0.282417 -0.789105 0.134709
-0.131026 0.733076 0.166581
-0.531567 -0.290815 0.257846
-0.436768 0.67371 0.144421
-0.446375 -0.548769 0.184897
0.27525 0.412456 0.389898
0.337203 0.395807 0.354746
-0.326785 0.0219326 0.8039
-0.535243 0.454742 0.187719
0.59457 0.0420784 0.266104
0.555426 -0.145809 0.288967
0.708649 0.385955 0.14329
0.743415 0.284012 0.146882
0.0544882 -0.503997 0.373173
0.413032 0.664112 0.151519
0.0201695 -0.736672 0.170182
0.520668 0.290443 0.266649
-0.535479 -0.128256 0.314773
0.703954 -0.529351 0.126021
-0.29206 0.695839 0.162192
-0.772846 0.103686 0.152335
0.681043 -0.445268 0.141055
-0.859849 0.0459759 0.129433
0.372114 -0.492982 0.246846
0.512634 -0.607261 0.14711
-0.487472 -0.539308 0.174752
-0.725632 -0.497043 0.125782
0.529555 -0.376408 0.222018
0.766156 0.234036 0.145195
-0.594632 -0.491739 0.155453
-0.327934 0.487433 0.274945
-0.568458 0.239237 0.24843
-0.224363 0.382308 0.483511
0.760718 -0.456359 0.124668
0.0549434 -0.0811686 2.3258
0.707458 -0.0293165 0.184487
-0.549415 0.079015 0.309307
0.00446536 0.294275 0.935671
0.178036 0.718163 0.168212
-0.23868 0.687275 0.174881
0.375101 -0.246526 0.472026
-0.15345 -0.0504981 1.77995
-0.255875 0.831749 0.127747
-0.637555 -0.192423 0.21073
0.133675 -0.668589 0.200187
-0.299082 -0.88494 0.118952
0.0932137 0.478111 0.403636
-0.00954558 0.743669 0.16704
0.137253 0.809855 0.139039
-0.426879 0.0253645 0.516442
-0.695601 -0.129948 0.184895
0.242584 0.369761 0.485079
-0.0261108 -0.623115 0.242126
0.190278 -0.149157 1.20393
0.3203 0.241613 0.576803
0.660853 0.520896 0.133917
-0.322667 -0.373246 0.393262
0.0676891 -0.402609 0.559134
-0.584896 -0.385666 0.188861
-0.455526 0.458334 0.223963
0.645024 0.555572 0.131586
0.713887 -0.281518 0.157085
0.567907 0.650989 0.129003
0.794651 -0.125694 0.143851
0.783514 0.0905778 0.149084
0.0725861 -0.760548 0.158409
0.0157218 0.837716 0.134916
-0.198447 -0.756666 0.151477
-0.275284 -0.389988 0.420062
-0.228057 -0.797301 0.13697
-0.527205 -0.55887 0.156721
0.388067 0.503865 0.231713
-0.487914 0.304263 0.287602
-0.811181 -0.285075 0.130044
-0.664162 -0.309492 0.171647
-0.741495 0.0169461 0.167802
-0.665202 0.151889 0.200067
0.42366 -0.711263 0.137346
0.528998 -0.544195 0.16069
-0.158042 0.574883 0.266875
0.506216 -0.425907 0.213132
0.300404 -0.547641 0.241305
0.138436 -0.735128 0.164959
0.414027 -0.408961 0.281056
0.416324 -0.283295 0.378624
-0.533291 0.356675 0.227684
0.22552 0.808387 0.134509
-0.185108 0.424014 0.446384
0.190366 0.284592 0.747745
-0.692304 -0.250927 0.170521
-0.406555 0.566858 0.190666
-0.0484895 0.188532 1.51619
-0.0663553 0.447651 0.46504
0.354829 -0.430542 0.306731
0.268608 -0.323353 0.531776
-0.246379 -0.206994 0.822074
-0.473173 -0.136125 0.395106
-0.118584 -0.792812 0.144935
-0.194882 -0.589927 0.244274
0.181546 0.781998 0.144332
-0.146844 0.79017 0.144309
-0.388 -0.415605 0.293762
-0.31207 -0.301317 0.500899
-0.557808 0.680002 0.126001
-0.240145 -0.660789 0.187767
0.201881 0.1574 1.12727
0.40809 0.357357 0.324558
0.477204 0.372535 0.257912
0.480441 0.554957 0.171598
-0.795714 0.365928 0.126701
-0.435701 -0.0963976 0.476642
-0.377623 -0.278124 0.434863
-0.439027 -0.313762 0.328396
-0.503089 -0.444805 0.206776
-0.558858 0.514934 0.160111
0.0643318 0.682768 0.19779
0.344313 0.711008 0.148561
-0.351035 -0.734437 0.141332
0.440199 0.532556 0.194423
0.537821 -0.277069 0.257969
0.659988 -0.253762 0.185312
0.662112 -0.207076 0.193163
0.590712 0.209347 0.239249
-0.0452441 -0.677025 0.202035
0.0849976 -0.635295 0.22802
-0.37021 -0.639957 0.168995
-0.137601 -0.672555 0.196437
0.688289 0.318962 0.160371
0.486204 0.460402 0.207718
-0.723465 0.281205 0.153543
-0.631876 0.321603 0.184403
-0.812815 -0.129227 0.138669
-0.807679 -0.232064 0.134043
0.678338 -0.502357 0.133508
-0.709625 0.112797 0.178628
-0.897928 0.229518 0.119548
-0.0784947 -0.758279 0.159054
0.374529 0.671831 0.156426
-0.830668 0.101003 0.135048
-0.785372 -0.0652481 0.149208
0.609797 -0.595381 0.131657
0.709399 -0.574154 0.121306
0.151987 -0.548164 0.295406
0.392716 -0.548192 0.204809
0.372453 -0.664214 0.159125
-0.625053 -0.533408 0.139132
-0.688215 -0.427408 0.142191
0.591466 -0.540982 0.144993
0.501838 0.101968 0.365339
-0.364584 0.28729 0.443552
-0.536295 0.0168318 0.332365
-0.454865 0.154115 0.415438
-0.190563 0.126372 1.28409
-0.739723 0.345749 0.140643
0.63003 -0.390824 0.167932
-0.222971 -0.035014 1.29805
-0.178262 -0.411631 0.472529
0.144344 -0.0711583 1.78448
0.306553 -0.267573 0.563972
-0.371339 -0.0109813 0.658011
-0.0918631 0.102618 1.98959
0.235731 0.193775 0.889765
-0.219522 0.5845 0.241228
0.336577 0.535737 0.234511
-0.0305176 0.684418 0.197852
-0.193328 0.715571 0.168046
0.505877 -0.332818 0.257655
0.650629 -0.0780331 0.21741
0.0270491 -0.186244 1.56465
0.0335005 0.14649 1.87463
0.43627 -0.844826 0.117614
-0.639248 0.00957925 0.230031
0.321548 -0.703568 0.154821
0.254354 -0.650813 0.190164
0.0944434 -0.5708 0.283866
-0.324803 -0.776327 0.134073
-0.405503 -0.761546 0.129134
0.236679 0.689625 0.173247
0.0223335 0.654882 0.217898
-0.117502 0.642615 0.219298
0.0362194 0.884042 0.125326
-0.292235 0.141548 0.811612
-0.391214 0.23449 0.457769
-0.484245 -0.0084831 0.408536
0.287855 0.515773 0.272174
0.0607468 0.563158 0.296664
-0.0344522 -0.722127 0.176926
-0.196572 -0.315919 0.655228
0.198832 -0.401039 0.474827
0.203715 0.0106614 1.45351
0.44977 -0.169541 0.414923
0.560206 0.414014 0.191037
0.614211 0.331167 0.190225
-0.280329 -0.585 0.222464
-0.0390198 -0.252244 1.12724
-0.052403 -0.558698 0.302976
-0.588592 0.423322 0.176041
-0.396217 0.510598 0.224593
-0.278371 0.539125 0.257301
0.39205 0.437313 0.275234
0.404706 0.706788 0.141091
0.530434 0.622021 0.140169
0.809245 0.351933 0.125525
0.489861 0.64049 0.14349
0.674218 0.436227 0.144514
0.801275 0.44029 0.12102
0.180974 -0.692333 0.180915
-0.356249 -0.541385 0.222645
-0.102305 -0.517253 0.344602
-0.133055 -0.850373 0.129475
0.651226 0.481127 0.142597
-0.542404 0.21327 0.280347
-0.866592 -0.211903 0.124004
0.462201 -0.624044 0.153603
0.153791 -0.300922 0.766178
0.253061 0.472622 0.332954
-0.291293 0.44326 0.340939
0.18692 -0.507304 0.327675
-0.607594 -0.336824 0.192543
-0.297494 -0.741271 0.14605
-0.482206 -0.22471 0.338766
-0.304353 0.0721959 0.856413
0.666914 0.0477765 0.208202
0.63577 -0.170527 0.215739
0.026658 -0.780493 0.152159
0.444442 0.211893 0.395383
-0.531077 -0.240252 0.279758
0.403716 -0.45568 0.255126
0.602247 -0.272826 0.213393
-0.620996 -0.43494 0.160737
-0.540365 0.261453 0.262854
-0.137492 0.476567 0.388899
0.148591 -0.24345 0.977293
0.588003 -0.0619005 0.271379
0.0956908 0.372363 0.619424
0.232405 0.757492 0.147675
0.270809 -0.213315 0.743411
-0.300673 -0.0342008 0.89368
-0.742725 -0.226591 0.153444
0.0413178 0.501307 0.378279
-0.744848 -0.0293063 0.166369
0.195768 0.34755 0.58177
0.0143583 -0.559283 0.304949
0.227811 -0.196425 0.909093
0.36258 0.292369 0.438815
0.113549 -0.410608 0.520179
-0.385883 0.455096 0.266357
0.755218 -0.185004 0.153201
0.0626104 0.856308 0.13027
-0.448669 0.204962 0.393935
-0.20324 0.654173 0.197964
0.48936 -0.49301 0.192441
0.200361 -0.566873 0.261853
-0.169822 0.371442 0.560306
0.140801 0.175072 1.30753
-0.00358494 0.249142 1.16149
-0.119538 0.542643 0.309561
-0.359177 -0.159391 0.59909
-0.584034 -0.190134 0.249863
-0.142269 -0.741135 0.161936
-0.336077 -0.591267 0.201239
-0.335047 -0.250711 0.536107
-0.500379 -0.326807 0.264932
0.115872 0.691535 0.188207
0.564342 -0.223005 0.256711
0.751366 -0.244753 0.149099
0.659213 -0.132225 0.206113
0.612396 0.0989318 0.244787
0.648722 0.382887 0.163
-0.754414 -0.124584 0.158124
0.630352 -0.49321 0.14554
-0.690057 -0.366635 0.151891
0.372742 0.0233469 0.64959
-0.315718 0.309984 0.483893
-0.52998 -0.034147 0.339722
-0.340351 0.186424 0.611406
-0.0979936 0.209858 1.26573
0.569833 -0.408984 0.188751
-0.185054 -0.16005 1.18201
-0.188367 -0.52793 0.303907
0.228948 -0.0911869 1.17775
0.313687 -0.318254 0.477094
-0.499617 0.179523 0.340254
-0.0346968 0.0676903 2.50967
0.251534 0.152599 0.935915
-0.160069 0.621478 0.227919
0.291346 0.560489 0.235865
0.472608 -0.281763 0.316201
-0.00102073 -0.0841005 2.45042
-0.0226377 0.62897 0.237378
-0.447409 0.254648 0.361835
-0.0248368 0.505858 0.373884
-0.0450606 -0.372796 0.645642
0.252189 -0.385456 0.449442
0.229558 0.0879498 1.17347
0.500694 -0.216424 0.321295
-0.405262 -0.52888 0.210074
-0.299781 -0.646742 0.182051
-0.155301 -0.352847 0.617249
-0.284516 0.592423 0.2167
-0.30909 -0.55285 0.234464
-0.0252212 -0.496334 0.38775
0.101777 -0.375084 0.61007
0.317804 -0.366927 0.406588
0.292586 0.680125 0.168351
0.116678 0.580221 0.270857
-0.437316 0.351221 0.303776
-0.202205 0.326529 0.623179
0.193608 -0.633743 0.212636
-0.426697 -0.368472 0.300361
-0.468617 -0.360936 0.271282
0.205768 0.414901 0.444109
0.302269 0.299512 0.519547
-0.427458 0.0991338 0.491656
-0.261473 -0.0921881 1.01386
0.670249 0.18942 0.191068
0.460606 -0.0969845 0.430786
0.512511 -0.0122962 0.364614
0.723033 0.436521 0.133282
0.594763 0.38389 0.184753
0.707221 0.24778 0.164467
0.57293 0.28064 0.230838
-0.645121 -0.0716717 0.222127
0.684891 -0.380947 0.151155
0.30729 -0.487334 0.286906
0.45896 -0.401148 0.254187
0.614422 -0.443476 0.161238
-0.339307 0.412674 0.335466
-0.264744 0.341107 0.506908
0.0653637 -0.000562972 2.57315
-0.0162263 -0.145021 1.91247
0.742323 0.0340927 0.16698
-0.0883641 0.263227 1.00891
0.0719177 0.307349 0.845609
-0.0599139 -0.105235 2.13062
-0.106402 -0.00234585 2.26287
-0.593811 -0.0718101 0.265281
0.132352 0.435486 0.45949
0.16529 0.54916 0.288919
-0.430099 -0.0426618 0.505175
-0.368757 0.0545512 0.654486
-0.730798 -0.170257 0.164291
-0.592173 -0.114612 0.260123
-0.0843337 -0.654749 0.213878
0.305346 -0.00959352 0.887917
0.0893023 -0.171957 1.52197
0.403882 0.120721 0.528993
-0.308521 -0.439775 0.331986
-0.00906866 -0.311875 0.861836
-0.555043 -0.333192 0.223811
-0.501941 0.405879 0.225264
0.717735 0.0870535 0.176865
-0.239038 -0.425518 0.401855
-0.641842 -0.235091 0.198685
-0.241327 0.434447 0.3885
-0.0718362 0.634501 0.229743
0.488178 -0.377007 0.247827
0.341151 -0.592141 0.198906
0.450338 -0.447765 0.232848
-0.483782 0.36262 0.259061
-0.0377997 0.341462 0.748043
-0.205138 0.478839 0.353548
0.252978 0.249293 0.706436
0.138923 0.323828 0.714612
-0.729492 -0.288407 0.150622
-0.187049 0.173731 1.12546
0.0256973 0.0894684 2.37798
-0.123925 0.404138 0.525102
-0.015556 0.402626 0.574178
-0.262179 -0.266833 0.64855
-0.197865 -0.0995902 1.33036
-0.41689 -0.1429 0.48723
-0.189227 -0.63969 0.209313
-0.246119 -0.311747 0.587333
-0.233385 -0.570524 0.248402
-0.26667 -0.700067 0.1648
0.284514 0.192363 0.746422
0.0732724 0.189294 1.45574
0.476123 0.318176 0.289975
0.509531 0.415144 0.216085
0.448429 0.575267 0.173793
0.488683 0.509614 0.185519
-0.406306 -0.190721 0.472007
-0.316406 -0.20447 0.641017
-0.48582 -0.272517 0.307814
0.0741211 0.731673 0.170789
-0.347134 -0.684129 0.157207
0.576328 -0.340237 0.207502
0.482574 0.257747 0.319352
0.0345202 -0.648831 0.221877
-0.720067 -0.0727123 0.176234
0.234685 -0.453703 0.367447
0.56054 0.0839911 0.296553
0.533128 0.240273 0.277705
-0.486914 0.0551095 0.39866
-0.171874 0.00796927 1.69496
-0.287576 0.022416 0.964401
0.106306 0.00835335 2.25022
0.102178 -0.109035 1.88694
0.333472 -0.192492 0.619259
-0.0813658 0.159104 1.63608
-0.193925 0.0652911 1.44265
0.190666 0.218597 0.953279
-0.25992 0.64121 0.193802
-0.229041 0.523624 0.291809
0.0165391 0.599344 0.263814
0.628958 -0.0139982 0.23724
0.585951 -0.17698 0.252398
-0.0936532 -0.226461 1.18171
0.105583 -0.220236 1.18682
0.162146 0.118123 1.47464
-0.693516 0.0469419 0.191955
0.122354 -0.504502 0.356538
0.262779 0.616822 0.207014
-0.0946214 0.684672 0.194321
-0.244736 0.102518 1.07097
-0.403228 0.16682 0.498116
-0.323339 0.249213 0.561018
0.136718 0.495513 0.362644
-0.021698 -0.772503 0.155002
-0.166751 -0.221003 1.01806
-0.223401 -0.365276 0.514363
0.15529 -0.339223 0.654557
0.181383 -0.0953252 1.43994
0.566531 -0.00972725 0.296565
0.368928 -0.160251 0.575625
-0.239512 -0.61583 0.214023
0.0161785 -0.241838 1.19403
-0.0823819 -0.461956 0.433915
-0.577794 0.379424 0.19436
-0.200578 -0.462474 0.377496
0.382269 0.23 0.476684
0.471019 -0.033695 0.429708
0.26933 -0.148429 0.876938
-0.256629 0.00365106 1.12227
0.00849747 0.547961 0.318596
0.121085 0.249197 1.01219
-0.294158 -0.245763 0.623045
0.246611 -0.0321864 1.16369
-0.215023 0.215113 0.892157
-0.0443999 0.237918 1.2023
-0.262013 -0.538302 0.264557
-0.017529 -0.0288943 2.75437
0.0350324 -0.0366266 2.67702
-0.416822 0.295912 0.366908
-0.142574 -0.464115 0.404858
-0.587088 0.335449 0.203647
0.149116 -0.378787 0.5632
0.102326 0.527974 0.331071
-0.371053 0.346299 0.371876
-0.237264 -0.140523 1.02161
0.620331 0.151801 0.230167
0.397295 -0.0887557 0.563164
0.457587 0.0317008 0.450719
0.0933852 -0.0433527 2.29292
-0.0307577 -0.201991 1.44655
-0.0232062 0.267123 1.05995
-0.149494 0.100469 1.62875
0.0635765 -0.219438 1.27971
0.452797 0.150065 0.420987
0.0105237 -0.384173 0.61911
-0.0720304 0.383321 0.607169
0.0751805 0.0486487 2.39848
0.0531035 0.429219 0.504816
-0.371171 -0.221009 0.50541
0.532167 0.0396285 0.335316
-0.234045 0.160528 0.981808
0.0618029 -0.347753 0.711483
0.147241 -0.0145982 1.89726
0.135038 -0.146727 1.47935
-0.210031 -0.267712 0.756916
0.117232 -0.336188 0.704249
-0.278865 0.396014 0.408303
0.156362 -0.443446 0.432455
0.689458 -0.171679 0.183465
0.34197 0.184392 0.608663
0.536461 0.193 0.293318
-0.509769 -0.184395 0.325206
-0.0797457 0.509003 0.361432
0.150101 -0.114019 1.55854
0.601729 -0.123124 0.24991
-0.333702 -0.121691 0.708481
-0.682773 -0.193419 0.183841
-0.00225782 0.457461 0.456367
0.18589 -0.208347 1.00469
0.340395 0.340023 0.413229
0.705132 -0.224001 0.169177
0.154083 -0.587862 0.256475
0.263324 -0.594908 0.221058
0.0933378 0.117684 1.88096
-0.050553 0.287282 0.946269
0.00351585 0.199788 1.48
-0.295123 -0.146498 0.794288
0.560889 0.143356 0.28314
0.402559 -0.13822 0.519852
0.407619 0.0715479 0.547524
-0.178926 0.267174 0.824094
0.354929 -0.0516299 0.697855
0.191648 -0.0486206 1.49341
0.363434 -0.31507 0.412965
-0.0271754 0.135717 1.98503
-0.0826824 0.0474318 2.34818
0.362019 0.139742 0.610729
0.237253 0.540511 0.27128
-0.0927221 -0.0608801 2.21712
0.0425211 -0.129477 1.99729
-0.0875983 -0.335202 0.736267
0.543451 -0.183531 0.289731
-0.07404 -0.281408 0.952229
-0.036738 -0.427433 0.512584
0.331234 0.650471 0.173271
0.170663 0.632529 0.217165
-0.45755 0.396419 0.258301
-0.253376 0.273595 0.653286
0.245561 0.317669 0.57584
0.732711 0.196905 0.160592
0.508164 -0.151615 0.341187
0.537047 -0.0983575 0.319851
0.541518 -0.0479936 0.32399
-0.639528 -0.148673 0.2168
-0.0478377 0.0126469 2.68142
-0.0472091 -0.0612042 2.48546
-0.554762 -0.075148 0.304615
0.291746 -0.0758911 0.905845
0.142501 -0.189479 1.23154
-0.309032 -0.506635 0.269675
0.669235 0.11955 0.201361
-0.113012 0.597856 0.255349
0.0290713 0.358109 0.693651
-0.177948 0.530211 0.304775
-0.1271 0.25484 0.975099
-0.127959 -0.116216 1.68819
-0.453445 -0.186745 0.398667
0.304686 0.129087 0.785712
0.473887 0.184076 0.371563
-0.132667 0.0534015 1.94082
-0.219454 0.0180292 1.34045
0.393974 -0.189688 0.495977
-0.136278 0.154892 1.43037
-0.129927 -0.177411 1.3395
0.504774 -0.0582249 0.372131
-0.104117 -0.403816 0.538788
0.257702 0.0233434 1.10953
0.444691 0.0948559 0.461277
0.503772 0.163321 0.341738
0.398059 0.172271 0.502536
-0.156864 0.212538 1.07543
-0.14047 -0.285803 0.833947
0.419191 -0.0362825 0.531372
0.0140975 0.0217955 2.80081
0.495812 0.207921 0.331533
-0.312179 -0.0963285 0.806149
0.359086 0.0899899 0.661103
