1 96.4576
2 95.1281
3 93.9318
4 92.8728
5 91.9633
6 91.2063
7 90.5937
8 90.1098
9 89.7348
10 89.4486
11 89.2328
12 89.0714
13 88.9517
14 88.8632
15 88.798
16 88.7502
17 88.7152
18 88.6896
19 88.6708
20 88.6572
21 88.6472
22 88.6399
23 88.6346
24 88.6308
25 88.6279
26 88.6259
27 88.6244
28 88.6233
29 88.6225
30 88.6219
31 88.6215
32 88.6212
33 88.621
34 88.6208
35 88.6207
36 88.6206
37 88.6205
38 88.6205
39 88.6205
40 88.6204
41 88.6204
42 88.6204
43 88.6204
44 88.6204
45 88.6204
46 88.6204
47 88.6204
48 88.6204
49 88.6204
50 88.6204
51 88.6204
52 88.6204
53 88.6204
54 88.6204
55 88.6204
56 88.6204
57 88.6204
58 88.6204
59 88.6204
60 88.6204
61 88.6204
62 88.6204
63 88.6204
64 88.6204
65 88.6204
66 88.6204
