1 0 0.116596
0.998027 0.0627905 0.116677
0.992115 0.125333 0.116659
0.982287 0.187381 0.116748
0.968583 0.24869 0.117098
0.951057 0.309017 0.116957
0.929776 0.368125 0.116821
0.904827 0.425779 0.116853
0.876307 0.481754 0.116923
0.844328 0.535827 0.117108
0.809017 0.587785 0.116597
0.770513 0.637424 0.116934
0.728969 0.684547 0.116823
0.684547 0.728969 0.116665
0.637424 0.770513 0.116971
0.587785 0.809017 0.116157
0.535827 0.844328 0.116928
0.481753 0.876307 0.116764
0.425779 0.904827 0.116887
0.368124 0.929777 0.116692
0.309017 0.951057 0.116519
0.24869 0.968583 0.116957
0.187381 0.982287 0.11639
0.125333 0.992115 0.117009
0.0627901 0.998027 0.116736
-4.01339e-07 1 0.116725
-0.0627909 0.998027 0.117098
-0.125334 0.992115 0.116453
-0.187382 0.982287 0.116979
-0.24869 0.968583 0.116689
-0.309018 0.951056 0.116443
-0.368125 0.929776 0.11697
-0.42578 0.904827 0.117117
-0.481754 0.876306 0.116651
-0.535827 0.844328 0.117073
-0.587786 0.809017 0.116648
-0.637425 0.770513 0.116692
-0.684548 0.728968 0.116744
-0.728969 0.684547 0.116953
-0.770514 0.637423 0.116965
-0.809017 0.587785 0.116897
-0.844328 0.535826 0.116796
-0.876307 0.481753 0.116874
-0.904827 0.425779 0.116606
-0.929777 0.368124 0.116806
-0.951057 0.309016 0.116955
-0.968583 0.248689 0.116622
-0.982287 0.18738 0.116825
-0.992115 0.125332 0.116663
-0.998027 0.0627895 0.116966
-1 -1.0411e-06 0.117132
-0.998027 -0.0627916 0.116917
-0.992115 -0.125334 0.11661
-0.982287 -0.187382 0.117131
-0.968583 -0.248691 0.116862
-0.951056 -0.309018 0.116921
-0.929776 -0.368126 0.116766
-0.904827 -0.42578 0.116753
-0.876306 -0.481755 0.117046
-0.844327 -0.535828 0.117005
-0.809016 -0.587786 0.116749
-0.770512 -0.637425 0.116885
-0.728968 -0.684548 0.117039
-0.684546 -0.72897 0.116592
-0.637423 -0.770514 0.116206
-0.587784 -0.809018 0.117052
-0.535826 -0.844329 0.117159
-0.481753 -0.876307 0.116667
-0.425778 -0.904828 0.117025
-0.368123 -0.929777 0.117004
-0.309016 -0.951057 0.116665
-0.248689 -0.968583 0.116643
-0.18738 -0.982288 0.116851
-0.125332 -0.992115 0.117191
-0.0627891 -0.998027 0.116642
1.44244e-06 -1 0.116982
0.062792 -0.998027 0.117156
0.125335 -0.992115 0.116684
0.187383 -0.982287 0.117135
0.248691 -0.968583 0.116534
0.309018 -0.951056 0.117127
0.368126 -0.929776 0.116926
0.425781 -0.904826 0.116666
0.481755 -0.876306 0.116804
0.535828 -0.844327 0.116577
0.587787 -0.809016 0.116685
0.637425 -0.770512 0.116997
0.684548 -0.728967 0.116969
0.72897 -0.684546 0.116869
0.770514 -0.637423 0.116997
0.809018 -0.587784 0.116866
0.844329 -0.535825 0.116721
0.876308 -0.481752 0.116635
0.904828 -0.425778 0.116839
0.929777 -0.368123 0.116795
0.951057 -0.309015 0.116737
0.968584 -0.248688 0.117139
0.982288 -0.187379 0.116728
0.992115 -0.125331 0.116557
0.998027 -0.0627885 0.117046
-0.975605 0.00596181 0.117431
-0.90964 -0.258093 0.118979
-0.622568 -0.671586 0.12121
-0.916487 0.275444 0.118242
-0.721164 -0.638273 0.117938
-0.687519 -0.668271 0.11811
-0.428725 -0.854765 0.118343
-0.621299 0.164438 0.228885
-0.566806 -0.775965 0.118152
-0.725765 0.464905 0.130169
-0.746086 0.584771 0.118681
-0.804659 0.479377 0.119288
-0.12139 -0.952697 0.118076
-0.679309 0.665772 0.118417
-0.450094 -0.484709 0.213993
-0.519697 0.824742 0.117423
-0.576589 0.746115 0.119006
0.324251 0.468585 0.295319
0.00113445 -0.818633 0.141138
-0.168923 0.754415 0.156183
-0.246932 0.901445 0.119603
0.2249 -0.892002 0.121047
-0.11855 0.912598 0.120988
0.354989 -0.879267 0.118687
0.299167 -0.913259 0.117972
-0.184712 0.93524 0.118208
-0.057863 0.898547 0.12381
0.34395 -0.821745 0.125255
0.290096 -0.855069 0.12345
-0.735831 -0.386209 0.137774
-0.406122 0.797053 0.124568
0.591909 -0.742507 0.118604
-0.408363 0.864051 0.118154
0.035559 0.935309 0.119613
0.771777 -0.0150314 0.156609
-0.25192 0.0476713 1.12759
0.604173 0.581104 0.135499
0.797233 -0.384844 0.125811
0.853351 -0.423472 0.118329
0.284257 0.809572 0.130725
-0.58963 0.47339 0.163075
-0.0396534 0.972995 0.117575
0.565374 -0.643838 0.131536
-0.0581865 -0.923885 0.120542
0.0914579 -0.451083 0.454233
-0.53721 -0.666535 0.131433
0.714423 -0.628136 0.11852
-0.362798 0.682113 0.156274
0.380936 0.877296 0.118174
0.00896578 -0.912425 0.122224
0.168495 0.907251 0.120828
-0.18035 -0.914856 0.119712
0.426766 0.846738 0.118683
0.317287 0.877603 0.119596
0.519846 0.740826 0.122765
-0.681036 0.515588 0.132122
0.88944 -0.31695 0.118994
-0.790096 0.542874 0.118099
0.488996 0.808836 0.118825
-0.524471 -0.812889 0.117743
0.749318 0.588077 0.118503
-0.349706 0.89027 0.118357
0.923571 -0.107852 0.120194
-0.337532 -0.894924 0.118272
-0.471696 -0.674947 0.139849
0.953545 -0.0613867 0.118175
0.884241 -0.0608483 0.125759
0.948712 0.0370283 0.11877
0.753463 0.337395 0.139027
0.867295 0.00335078 0.129329
-0.777722 0.314213 0.135707
0.87281 0.172036 0.12525
-0.828075 -0.490301 0.118026
0.932212 0.251291 0.117739
0.86549 0.371762 0.119099
-0.859513 -0.0777547 0.130064
0.305838 -0.649633 0.180678
0.870674 0.250635 0.122921
-0.801916 0.192771 0.139288
-0.953475 -0.0786822 0.118339
-0.0122743 -0.958218 0.11821
-0.0263523 -0.868275 0.129032
0.364 0.81973 0.124126
-0.4649 0.74687 0.126735
-0.929987 -0.184597 0.118647
-0.335933 0.732131 0.145009
0.664779 -0.671977 0.11887
-0.943842 -0.0255194 0.119097
0.764854 -0.532681 0.119815
-0.884312 0.101463 0.125381
-0.514996 -0.759725 0.121668
-0.56457 -0.726933 0.121173
-0.853926 -0.372522 0.119791
0.428643 -0.50067 0.216603
0.18434 -0.787108 0.143946
-0.675153 -0.552332 0.128474
-0.78912 -0.526896 0.118637
0.4932 -0.684081 0.134254
0.437682 -0.346951 0.307869
-0.0226588 0.940992 0.119314
-0.678223 -0.616667 0.121839
-0.624111 -0.588206 0.131405
-0.504168 0.641027 0.141807
-0.493697 0.234864 0.322757
-0.864064 0.36942 0.119235
-0.833016 0.316273 0.125133
0.241332 0.904509 0.119373
-0.855019 0.451364 0.117817
0.819725 -0.446572 0.119783
0.146208 0.0540957 1.82628
0.664389 0.664939 0.119327
0.710927 0.622697 0.118911
-0.586645 0.0345725 0.277265
-0.263177 0.483862 0.317345
-0.0507708 0.569803 0.292799
0.846371 -0.274586 0.125235
-0.741486 0.524775 0.122682
0.220794 -0.262195 0.752203
-0.722951 0.636426 0.117917
0.112448 -0.925794 0.11993
-0.353985 0.837103 0.122703
0.530147 -0.764285 0.119782
-0.522552 0.778718 0.119441
-0.304538 0.871493 0.120862
-0.839074 -0.441192 0.118766
-0.589395 -0.277358 0.222062
-0.467355 0.814574 0.119298
-0.686444 0.607615 0.121725
0.284674 -0.796645 0.133949
0.393159 -0.8472 0.119835
0.175804 -0.941963 0.11816
0.271398 -0.736468 0.151745
-0.331406 -0.83308 0.124288
0.127693 0.753766 0.159259
-0.0375386 0.796978 0.147198
-0.179915 0.856116 0.127624
0.102862 -0.863899 0.128746
-0.0713883 0.95288 0.118285
-0.491662 -0.074934 0.39028
-0.620457 0.62983 0.126151
0.0268968 0.707515 0.186292
0.911272 -0.238553 0.119031
0.109454 0.938927 0.11875
-0.121611 -0.596277 0.256718
0.662858 -0.609897 0.123685
0.425007 0.279356 0.373708
0.487219 0.597532 0.157099
-0.707081 0.397083 0.143138
0.636769 -0.720652 0.118011
-0.276498 -0.348626 0.484302
-0.560063 -0.44251 0.183098
-0.456039 0.536671 0.187793
0.271593 0.859295 0.123667
0.380296 0.629869 0.172028
0.38666 0.758568 0.132603
-0.587488 0.570535 0.140789
0.868782 -0.375639 0.1187
-0.461432 -0.733823 0.129362
0.702859 0.490848 0.131243
0.802335 -0.234775 0.136492
0.599704 0.709986 0.120047
0.813805 0.49676 0.11836
-0.381229 -0.872685 0.118449
0.828734 -0.0837083 0.137102
0.93703 0.157105 0.118477
0.755014 0.531629 0.120748
0.846324 0.436287 0.118551
0.822075 -0.0330838 0.139773
-0.928637 0.193766 0.118699
0.792967 0.16733 0.143207
-0.790811 -0.406574 0.12553
0.900237 0.309947 0.118492
0.849116 0.312511 0.123283
0.0704919 -0.696379 0.190574
-0.934311 0.0547197 0.11947
-0.0035643 0.891454 0.125093
-0.313071 -0.701196 0.15829
-0.251444 -0.901894 0.119557
0.609474 0.636895 0.126668
0.875437 -0.187484 0.124532
0.42386 0.796542 0.123587
-0.347982 0.780636 0.132008
-0.170808 -0.797753 0.141587
-0.484264 -0.602396 0.155702
0.925895 -0.00762957 0.120512
0.542235 0.47558 0.178798
0.844944 0.117379 0.132245
-0.597827 0.272906 0.218176
0.919068 0.0962212 0.120399
-0.738295 -0.57948 0.119284
0.919227 0.203412 0.119168
-0.774974 -0.273807 0.140291
-0.74213 0.065826 0.16769
0.465595 -0.751123 0.126453
0.561639 -0.585933 0.143181
-0.741365 0.212294 0.156752
-0.798376 0.258593 0.135256
-0.913084 -0.0604886 0.121992
-0.62574 0.703149 0.119035
-0.920466 -0.112652 0.120386
-0.322035 0.633543 0.184582
0.753979 -0.592351 0.118158
-0.458815 -0.802308 0.120634
0.656508 -0.32198 0.173766
0.231381 -0.690216 0.175595
-0.0797509 -0.872071 0.127831
0.557997 -0.70401 0.124152
0.377395 -0.374538 0.342191
-0.525246 0.728858 0.124158
-0.631813 0.377941 0.17157
0.188016 0.846156 0.12908
0.153113 0.378 0.565037
-0.932123 0.137887 0.119124
0.655182 0.602597 0.125259
-0.828013 -0.180388 0.13376
-0.451192 0.601226 0.164742
-0.116765 0.32116 0.756243
0.293602 -0.424497 0.363238
0.0504706 -0.955696 0.118176
-0.432373 -0.241645 0.394003
0.47613 -0.810672 0.119191
0.171181 -0.843289 0.130699
-0.204145 -0.700984 0.174613
0.242131 0.84552 0.127092
-0.0952866 0.840632 0.133745
-0.0960626 0.779281 0.151667
0.122393 -0.800346 0.143493
-0.378572 -0.342327 0.371014
-0.496602 0.694627 0.132233
0.0370838 0.753446 0.16383
-0.404737 -0.584025 0.184561
0.622164 -0.6409 0.124943
0.290146 0.355687 0.45548
0.450929 0.42204 0.248789
-0.769333 0.417324 0.1278
-0.370078 -0.087845 0.636332
-0.459493 -0.410971 0.250777
-0.51691 0.570462 0.157185
0.287912 0.735777 0.149636
-0.504718 0.506459 0.182259
-0.395073 -0.817869 0.122874
0.538664 0.559158 0.154661
0.618494 -0.21658 0.219569
0.718545 -0.111654 0.175958
0.773576 -0.0664058 0.154692
0.640639 0.26388 0.194845
0.801339 0.285101 0.132846
0.0412678 -0.607053 0.257566
-0.406163 -0.695292 0.144915
0.44781 0.750136 0.12803
-0.391612 0.736 0.136869
-0.086995 -0.704134 0.185202
-0.427551 -0.639486 0.157796
0.540606 0.351125 0.227016
0.904217 0.0380116 0.123222
-0.682438 0.335056 0.16148
-0.77877 -0.177851 0.147235
-0.806505 0.144194 0.14086
0.71771 -0.492647 0.128783
-0.756568 0.156593 0.156341
-0.863333 0.270077 0.123128
-0.0653756 -0.819117 0.140038
0.333211 0.76617 0.13641
-0.838344 -0.316267 0.124641
-0.210437 0.777738 0.144622
-0.794638 0.0442977 0.147857
0.655704 -0.549506 0.131656
-0.889379 -0.0125448 0.125442
-0.845959 0.223402 0.12798
-0.50918 -0.711594 0.128028
-0.781713 -0.333546 0.132735
0.344246 -0.53406 0.234274
0.410515 -0.608942 0.172813
0.06221 -0.904867 0.122962
-0.561809 -0.605287 0.138798
-0.786825 -0.465604 0.12212
-0.655601 -0.490606 0.140895
0.371897 -0.726404 0.14173
0.561468 -0.478034 0.171008
0.727764 0.141917 0.169216
-0.0362887 0.85361 0.132156
-0.577749 -0.547428 0.147865
-0.408981 0.40315 0.29029
-0.560456 0.151246 0.284012
-0.275453 0.204168 0.753042
-0.892738 0.318149 0.118688
-0.754219 0.380849 0.134426
-0.832072 0.417895 0.12009
0.730463 -0.402247 0.137019
0.813483 -0.491496 0.118533
-0.0768782 -0.162237 1.63635
0.345432 -0.122161 0.678302
-0.496149 0.119291 0.370257
-0.706569 0.170104 0.176673
0.0446618 0.248583 1.14659
-0.24361 0.728016 0.158336
0.333066 0.594285 0.20225
-0.150443 0.674679 0.195701
0.8372 -0.329677 0.123899
0.4336 -0.230539 0.400506
-0.0621177 -0.0284874 2.5218
-0.700902 0.559191 0.12445
-0.309346 0.81728 0.128207
0.405494 -0.784374 0.126286
-0.284911 0.765998 0.14134
-0.697652 -0.016692 0.192064
-0.745651 -0.437135 0.130174
-0.6189 0.515239 0.145154
0.332903 -0.76081 0.137728
0.132577 -0.619688 0.235975
0.236144 -0.775579 0.143482
-0.362014 -0.78453 0.130199
0.0727708 0.895986 0.124049
0.0813115 0.628731 0.235557
-0.0659068 0.736551 0.170145
0.0732437 0.798926 0.145629
0.0347701 -0.863154 0.13017
0.157163 -0.893336 0.122962
-0.355383 0.121326 0.650155
-0.584145 -0.027215 0.279534
0.188349 0.484819 0.355879
0.925612 -0.162867 0.119265
0.00358193 -0.682642 0.200934
0.0821521 -0.277065 0.967843
0.304538 0.0577422 0.876233
0.610757 0.441545 0.164127
0.570176 0.61006 0.136571
-0.659242 0.28583 0.18065
-0.649005 0.452258 0.149514
0.606981 -0.687574 0.121648
-0.370563 -0.486464 0.254611
0.0270584 -0.444041 0.482685
-0.643914 -0.377167 0.16741
-0.547249 0.404105 0.202618
-0.344686 0.563287 0.215278
0.395223 0.570845 0.193578
0.463054 0.686062 0.138101
0.440271 0.623673 0.159507
-0.557118 0.617657 0.137369
-0.649013 0.566064 0.130667
0.81781 0.400443 0.122446
0.69671 0.559472 0.124747
0.782872 -0.299769 0.135707
0.528328 0.675459 0.131171
0.767403 0.402688 0.129449
0.824095 -0.181227 0.134432
0.760678 0.466139 0.125009
-0.865704 0.165837 0.126535
0.807575 0.0234353 0.144119
0.820741 0.222126 0.133091
0.0606465 -0.814664 0.141557
0.206856 -0.736273 0.159602
0.0160204 0.7861 0.151464
-0.266097 -0.841743 0.126595
-0.252147 -0.481867 0.326983
-0.205519 -0.850591 0.127803
0.864404 -0.130008 0.127826
0.85236 -0.222948 0.126862
-0.246809 -0.746626 0.151189
-0.115233 -0.902704 0.122643
-0.529149 -0.501394 0.174944
0.606986 0.516463 0.147502
0.440825 0.478537 0.222538
-0.591776 0.209885 0.240196
-0.548823 0.305128 0.240534
0.854207 0.0619394 0.131417
-0.853593 -0.269243 0.124633
-0.720277 -0.336647 0.148265
-0.77872 -0.00967164 0.154175
-0.628755 0.0937077 0.233407
0.432649 -0.658816 0.150628
0.461124 -0.560942 0.176566
-0.663633 0.218839 0.190761
-0.828982 -0.0125387 0.138244
-0.387602 0.619698 0.174
0.727757 -0.34526 0.144616
0.276719 -0.686854 0.169966
0.199591 -0.342092 0.594298
0.116064 0.864151 0.128067
0.209674 0.584106 0.246679
-0.868494 -0.149217 0.126784
-0.314865 0.361102 0.419953
0.248722 -0.526972 0.281868
-0.51959 -0.386731 0.225032
-0.889305 -0.315655 0.119142
0.231524 -0.824475 0.131583
-0.282417 -0.789105 0.135799
-0.131026 0.733076 0.167783
-0.531567 -0.290815 0.260035
-0.436768 0.67371 0.145453
-0.446375 -0.548769 0.186442
0.27525 0.412456 0.393063
0.337203 0.395807 0.357662
-0.326785 0.0219326 0.810076
-0.535243 0.454742 0.189077
0.59457 0.0420784 0.268255
0.555426 -0.145809 0.29119
0.708649 0.385955 0.144468
0.743415 0.284012 0.148086
0.0544882 -0.503997 0.376007
0.413032 0.664112 0.152726
0.0201695 -0.736672 0.171499
0.520668 0.290443 0.268873
-0.535479 -0.128256 0.317406
0.703954 -0.529351 0.126966
-0.29206 0.695839 0.163348
-0.772846 0.103686 0.153533
0.681043 -0.445268 0.142114
-0.859849 0.0459759 0.130462
0.372114 -0.492982 0.248653
0.512634 -0.607261 0.148201
-0.487472 -0.539308 0.176216
-0.725632 -0.497043 0.126835
0.529555 -0.376408 0.223664
0.766156 0.234036 0.146383
-0.594632 -0.491739 0.156759
-0.327934 0.487433 0.276871
-0.568458 0.239237 0.250294
-0.224363 0.382308 0.486818
0.760718 -0.456359 0.12561
0.0549434 -0.0811686 2.307
0.707458 -0.0293165 0.185953
-0.549415 0.079015 0.311734
0.00446536 0.294275 0.941555
0.178036 0.718163 0.169495
-0.23868 0.687275 0.176127
0.375101 -0.246526 0.475462
-0.15345 -0.0504981 1.78098
-0.255875 0.831749 0.128668
-0.637555 -0.192423 0.212488
0.133675 -0.668589 0.201704
-0.299082 -0.88494 0.119911
0.0932137 0.478111 0.40667
-0.00954558 0.743669 0.168268
0.137253 0.809855 0.14009
-0.426879 0.0253645 0.520567
-0.695601 -0.129948 0.186416
0.242584 0.369761 0.489033
-0.0261108 -0.623115 0.244011
0.190278 -0.149157 1.20983
0.3203 0.241613 0.581696
0.660853 0.520896 0.135012
-0.322667 -0.373246 0.396608
0.0676891 -0.402609 0.563315
-0.584896 -0.385666 0.190456
-0.455526 0.458334 0.225562
0.645024 0.555572 0.13266
0.713887 -0.281518 0.158284
0.567907 0.650989 0.130045
0.794651 -0.125694 0.144977
0.783514 0.0905778 0.150287
0.0725861 -0.760548 0.159627
0.0157218 0.837716 0.135916
-0.198447 -0.756666 0.15269
-0.275284 -0.389988 0.423606
-0.228057 -0.797301 0.13807
-0.527205 -0.55887 0.158033
0.388067 0.503865 0.233591
-0.487914 0.304263 0.2897
-0.811181 -0.285075 0.131122
-0.664162 -0.309492 0.173087
-0.741495 0.0169461 0.169143
-0.665202 0.151889 0.201616
0.42366 -0.711263 0.138369
0.528998 -0.544195 0.161881
-0.158042 0.574883 0.268759
0.506216 -0.425907 0.214706
0.300404 -0.547641 0.243081
0.138436 -0.735128 0.166214
0.414027 -0.408961 0.283108
0.416324 -0.283295 0.381395
-0.533291 0.356675 0.229346
0.22552 0.808387 0.135541
-0.185108 0.424014 0.449448
0.190366 0.284592 0.753891
-0.692304 -0.250927 0.171943
-0.406555 0.566858 0.192019
-0.0484895 0.188532 1.51925
-0.0663553 0.447651 0.468287
0.354829 -0.430542 0.308961
0.268608 -0.323353 0.53556
-0.246379 -0.206994 0.829356
-0.473173 -0.136125 0.39845
-0.118584 -0.792812 0.146081
-0.194882 -0.589927 0.246248
0.181546 0.781998 0.145431
-0.146844 0.79017 0.145353
-0.388 -0.415605 0.296251
-0.31207 -0.301317 0.505228
-0.557808 0.680002 0.126909
-0.240145 -0.660789 0.189288
0.201881 0.1574 1.1351
0.40809 0.357357 0.327257
0.477204 0.372535 0.260051
0.480441 0.554957 0.17299
-0.795714 0.365928 0.127656
-0.435701 -0.0963976 0.480671
-0.377623 -0.278124 0.438622
-0.439027 -0.313762 0.331209
-0.503089 -0.444805 0.208523
-0.558858 0.514934 0.161269
0.0643318 0.682768 0.199262
0.344313 0.711008 0.149729
-0.351035 -0.734437 0.142487
0.440199 0.532556 0.196
0.537821 -0.277069 0.2599
0.659988 -0.253762 0.186725
0.662112 -0.207076 0.194646
0.590712 0.209347 0.241231
-0.0452441 -0.677025 0.203615
0.0849976 -0.635295 0.229757
-0.37021 -0.639957 0.170389
-0.137601 -0.672555 0.198
0.688289 0.318962 0.161691
0.486204 0.460402 0.209423
-0.723465 0.281205 0.154707
-0.631876 0.321603 0.185776
-0.812815 -0.129227 0.139801
-0.807679 -0.232064 0.135151
0.678338 -0.502357 0.134508
-0.709625 0.112797 0.180026
-0.897928 0.229518 0.120472
-0.0784947 -0.758279 0.160305
0.374529 0.671831 0.157665
-0.830668 0.101003 0.136111
-0.785372 -0.0652481 0.150417
0.609797 -0.595381 0.132639
0.709399 -0.574154 0.122215
0.151987 -0.548164 0.297611
0.392716 -0.548192 0.206317
0.372453 -0.664214 0.160307
-0.625053 -0.533408 0.140298
-0.688215 -0.427408 0.143384
0.591466 -0.540982 0.146072
0.501838 0.101968 0.368368
-0.364584 0.28729 0.446697
-0.536295 0.0168318 0.335031
-0.454865 0.154115 0.418574
-0.190563 0.126372 1.28981
-0.739723 0.345749 0.1417
0.63003 -0.390824 0.169191
-0.222971 -0.035014 1.3065
-0.178262 -0.411631 0.476413
0.144344 -0.0711583 1.78357
0.306553 -0.267573 0.567983
-0.371339 -0.0109813 0.663386
-0.0918631 0.102618 1.98189
0.235731 0.193775 0.896923
-0.219522 0.5845 0.242928
0.336577 0.535737 0.236389
-0.0305176 0.684418 0.199295
-0.193328 0.715571 0.16925
0.505877 -0.332818 0.259564
0.650629 -0.0780331 0.219119
0.0270491 -0.186244 1.5686
0.0335005 0.14649 1.86894
0.43627 -0.844826 0.118496
-0.639248 0.00957925 0.231876
0.321548 -0.703568 0.155978
0.254354 -0.650813 0.191583
0.0944434 -0.5708 0.286013
-0.324803 -0.776327 0.135163
-0.405503 -0.761546 0.130193
0.236679 0.689625 0.174586
0.0223335 0.654882 0.219502
-0.117502 0.642615 0.220868
0.0362194 0.884042 0.126258
-0.292235 0.141548 0.81731
-0.391214 0.23449 0.461079
-0.484245 -0.0084831 0.41185
0.287855 0.515773 0.274344
0.0607468 0.563158 0.298864
-0.0344522 -0.722127 0.178307
-0.196572 -0.315919 0.660745
0.198832 -0.401039 0.478256
0.203715 0.0106614 1.45898
0.44977 -0.169541 0.418042
0.560206 0.414014 0.192613
0.614211 0.331167 0.191799
-0.280329 -0.585 0.224289
-0.0390198 -0.252244 1.13432
-0.052403 -0.558698 0.305349
-0.588592 0.423322 0.177327
-0.396217 0.510598 0.226182
-0.278371 0.539125 0.259105
0.39205 0.437313 0.27749
0.404706 0.706788 0.142209
0.530434 0.622021 0.141302
0.809245 0.351933 0.126553
0.489861 0.64049 0.144645
0.674218 0.436227 0.145701
0.801275 0.44029 0.122012
0.180974 -0.692333 0.18228
-0.356249 -0.541385 0.224497
-0.102305 -0.517253 0.347341
-0.133055 -0.850373 0.130501
0.651226 0.481127 0.143766
-0.542404 0.21327 0.282455
-0.866592 -0.211903 0.125024
0.462201 -0.624044 0.154741
0.153791 -0.300922 0.771454
0.253061 0.472622 0.335609
-0.291293 0.44326 0.34331
0.18692 -0.507304 0.330094
-0.607594 -0.336824 0.194167
-0.297494 -0.741271 0.147236
-0.482206 -0.22471 0.341656
-0.304353 0.0721959 0.862669
0.666914 0.0477765 0.20988
0.63577 -0.170527 0.217402
0.026658 -0.780493 0.153337
0.444442 0.211893 0.398727
-0.531077 -0.240252 0.282131
0.403716 -0.45568 0.256992
0.602247 -0.272826 0.215005
-0.620996 -0.43494 0.16209
-0.540365 0.261453 0.264807
-0.137492 0.476567 0.391603
0.148591 -0.24345 0.983328
0.588003 -0.0619005 0.273517
0.0956908 0.372363 0.624133
0.232405 0.757492 0.148811
0.270809 -0.213315 0.748518
-0.300673 -0.0342008 0.901091
-0.742725 -0.226591 0.154716
0.0413178 0.501307 0.381057
-0.744848 -0.0293063 0.167711
0.195768 0.34755 0.586487
0.0143583 -0.559283 0.307298
0.227811 -0.196425 0.914915
0.36258 0.292369 0.442504
0.113549 -0.410608 0.524008
-0.385883 0.455096 0.268237
0.755218 -0.185004 0.154389
0.0626104 0.856308 0.131242
-0.448669 0.204962 0.396854
-0.20324 0.654173 0.199372
0.48936 -0.49301 0.193861
0.200361 -0.566873 0.263799
-0.169822 0.371442 0.564102
0.140801 0.175072 1.31492
-0.00358494 0.249142 1.1675
-0.119538 0.542643 0.311744
-0.359177 -0.159391 0.604295
-0.584034 -0.190134 0.251959
-0.142269 -0.741135 0.163223
-0.336077 -0.591267 0.2029
-0.335047 -0.250711 0.540781
-0.500379 -0.326807 0.267187
0.115872 0.691535 0.189624
0.564342 -0.223005 0.258655
0.751366 -0.244753 0.150245
0.659213 -0.132225 0.207717
0.612396 0.0989318 0.246786
0.648722 0.382887 0.164343
-0.754414 -0.124584 0.159419
0.630352 -0.49321 0.146627
-0.690057 -0.366635 0.153165
0.372742 0.0233469 0.654903
-0.315718 0.309984 0.48727
-0.52998 -0.034147 0.342495
-0.340351 0.186424 0.615804
-0.0979936 0.209858 1.27119
0.569833 -0.408984 0.190156
-0.185054 -0.16005 1.1909
-0.188367 -0.52793 0.306373
0.228948 -0.0911869 1.1838
0.313687 -0.318254 0.480509
-0.499617 0.179523 0.342821
-0.0346968 0.0676903 2.47708
0.251534 0.152599 0.943691
-0.160069 0.621478 0.229538
0.291346 0.560489 0.237734
0.472608 -0.281763 0.318541
-0.00102073 -0.0841005 2.42605
-0.0226377 0.62897 0.239104
-0.447409 0.254648 0.364477
-0.0248368 0.505858 0.376561
-0.0450606 -0.372796 0.650674
0.252189 -0.385456 0.452673
0.229558 0.0879498 1.18319
0.500694 -0.216424 0.323708
-0.405262 -0.52888 0.21183
-0.299781 -0.646742 0.18354
-0.155301 -0.352847 0.622333
-0.284516 0.592423 0.218228
-0.30909 -0.55285 0.236401
-0.0252212 -0.496334 0.390764
0.101777 -0.375084 0.614538
0.317804 -0.366927 0.409515
0.292586 0.680125 0.169667
0.116678 0.580221 0.272902
-0.437316 0.351221 0.305952
-0.202205 0.326529 0.627374
0.193608 -0.633743 0.21423
-0.426697 -0.368472 0.302921
-0.468617 -0.360936 0.273592
0.205768 0.414901 0.447651
0.302269 0.299512 0.523895
-0.427458 0.0991338 0.495438
-0.261473 -0.0921881 1.02225
0.670249 0.18942 0.192636
0.460606 -0.0969845 0.434106
0.512511 -0.0122962 0.367527
0.723033 0.436521 0.134376
0.594763 0.38389 0.186279
0.707221 0.24778 0.165818
0.57293 0.28064 0.232756
-0.645121 -0.0716717 0.223942
0.684891 -0.380947 0.152295
0.30729 -0.487334 0.289001
0.45896 -0.401148 0.256054
0.614422 -0.443476 0.162442
-0.339307 0.412674 0.337814
-0.264744 0.341107 0.510392
0.0653637 -0.000562972 2.54081
-0.0162263 -0.145021 1.90919
0.742323 0.0340927 0.16832
-0.0883641 0.263227 1.01472
0.0719177 0.307349 0.851766
-0.0599139 -0.105235 2.11982
-0.106402 -0.00234585 2.24641
-0.593811 -0.0718101 0.267457
0.132352 0.435486 0.463033
0.16529 0.54916 0.291138
-0.430099 -0.0426618 0.50936
-0.368757 0.0545512 0.659558
-0.730798 -0.170257 0.165647
-0.592173 -0.114612 0.262277
-0.0843337 -0.654749 0.215563
0.305346 -0.00959352 0.894552
0.0893023 -0.171957 1.52665
0.403882 0.120721 0.533495
-0.308521 -0.439775 0.334774
-0.00906866 -0.311875 0.868251
-0.555043 -0.333192 0.225707
-0.501941 0.405879 0.226889
0.717735 0.0870535 0.178296
-0.239038 -0.425518 0.405201
-0.641842 -0.235091 0.200348
-0.241327 0.434447 0.391183
-0.0718362 0.634501 0.231398
0.488178 -0.377007 0.249654
0.341151 -0.592141 0.200375
0.450338 -0.447765 0.234557
-0.483782 0.36262 0.260933
-0.0377997 0.341462 0.752992
-0.205138 0.478839 0.356
0.252978 0.249293 0.712332
0.138923 0.323828 0.720311
-0.729492 -0.288407 0.151878
-0.187049 0.173731 1.13159
0.0256973 0.0894684 2.3508
-0.123925 0.404138 0.528696
-0.015556 0.402626 0.578204
-0.262179 -0.266833 0.654187
-0.197865 -0.0995902 1.33882
-0.41689 -0.1429 0.491409
-0.189227 -0.63969 0.210997
-0.246119 -0.311747 0.592356
-0.233385 -0.570524 0.250427
-0.26667 -0.700067 0.166136
0.284514 0.192363 0.752741
0.0732724 0.189294 1.46043
0.476123 0.318176 0.292396
0.509531 0.415144 0.217868
0.448429 0.575267 0.175196
0.488683 0.509614 0.187033
-0.406306 -0.190721 0.476081
-0.316406 -0.20447 0.64665
-0.48582 -0.272517 0.310441
0.0741211 0.731673 0.172064
-0.347134 -0.684129 0.158496
0.576328 -0.340237 0.209053
0.482574 0.257747 0.322031
0.0345202 -0.648831 0.223584
-0.720067 -0.0727123 0.177668
0.234685 -0.453703 0.370122
0.56054 0.0839911 0.298981
0.533128 0.240273 0.280023
-0.486914 0.0551095 0.401809
-0.171874 0.00796927 1.69763
-0.287576 0.022416 0.971321
0.106306 0.00835335 2.23238
0.102178 -0.109035 1.88417
0.333472 -0.192492 0.623745
-0.0813658 0.159104 1.63738
-0.193925 0.0652911 1.44816
0.190666 0.218597 0.960751
-0.25992 0.64121 0.195176
-0.229041 0.523624 0.293848
0.0165391 0.599344 0.265747
0.628958 -0.0139982 0.239132
0.585951 -0.17698 0.254332
-0.0936532 -0.226461 1.18959
0.105583 -0.220236 1.19313
0.162146 0.118123 1.48009
-0.693516 0.0469419 0.19348
0.122354 -0.504502 0.359201
0.262779 0.616822 0.208633
-0.0946214 0.684672 0.195723
-0.244736 0.102518 1.07774
-0.403228 0.16682 0.501811
-0.323339 0.249213 0.564963
0.136718 0.495513 0.365418
-0.021698 -0.772503 0.15621
-0.166751 -0.221003 1.026
-0.223401 -0.365276 0.518684
0.15529 -0.339223 0.659195
0.181383 -0.0953252 1.44415
0.566531 -0.00972725 0.298934
0.368928 -0.160251 0.579876
-0.239512 -0.61583 0.215763
0.0161785 -0.241838 1.20087
-0.0823819 -0.461956 0.437349
-0.577794 0.379424 0.195784
-0.200578 -0.462474 0.380592
0.382269 0.23 0.480739
0.471019 -0.033695 0.433111
0.26933 -0.148429 0.882974
-0.256629 0.00365106 1.12979
0.00849747 0.547961 0.320914
0.121085 0.249197 1.01982
-0.294158 -0.245763 0.628507
0.246611 -0.0321864 1.17046
-0.215023 0.215113 0.89783
-0.0443999 0.237918 1.20804
-0.262013 -0.538302 0.266733
-0.017529 -0.0288943 2.71441
0.0350324 -0.0366266 2.64046
-0.416822 0.295912 0.369544
-0.142574 -0.464115 0.408124
-0.587088 0.335449 0.205151
0.149116 -0.378787 0.567268
0.102326 0.527974 0.333564
-0.371053 0.346299 0.374502
-0.237264 -0.140523 1.02997
0.620331 0.151801 0.232058
0.397295 -0.0887557 0.567463
0.457587 0.0317008 0.454401
0.0933852 -0.0433527 2.27464
-0.0307577 -0.201991 1.45221
-0.0232062 0.267123 1.06582
-0.149494 0.100469 1.63044
0.0635765 -0.219438 1.28598
0.452797 0.150065 0.424538
0.0105237 -0.384173 0.62385
-0.0720304 0.383321 0.611296
0.0751805 0.0486487 2.37153
0.0531035 0.429219 0.508535
-0.371171 -0.221009 0.509803
0.532167 0.0396285 0.338038
-0.234045 0.160528 0.987935
0.0618029 -0.347753 0.716747
0.147241 -0.0145982 1.89231
0.135038 -0.146727 1.48355
-0.210031 -0.267712 0.763348
0.117232 -0.336188 0.709298
-0.278865 0.396014 0.411128
0.156362 -0.443446 0.435628
0.689458 -0.171679 0.184885
0.34197 0.184392 0.613914
0.536461 0.193 0.295763
-0.509769 -0.184395 0.32796
-0.0797457 0.509003 0.363984
0.150101 -0.114019 1.56162
0.601729 -0.123124 0.25185
-0.333702 -0.121691 0.714599
-0.682773 -0.193419 0.185367
-0.00225782 0.457461 0.459635
0.18589 -0.208347 1.01071
0.340395 0.340023 0.416667
0.705132 -0.224001 0.170477
0.154083 -0.587862 0.258397
0.263324 -0.594908 0.222697
0.0933378 0.117684 1.87623
-0.050553 0.287282 0.951916
0.00351585 0.199788 1.48426
-0.295123 -0.146498 0.801192
0.560889 0.143356 0.285481
0.402559 -0.13822 0.523756
0.407619 0.0715479 0.552104
-0.178926 0.267174 0.829389
0.354929 -0.0516299 0.703179
0.191648 -0.0486206 1.49734
0.363434 -0.31507 0.415952
-0.0271754 0.135717 1.97694
-0.0826824 0.0474318 2.32668
0.362019 0.139742 0.616024
0.237253 0.540511 0.27341
-0.0927221 -0.0608801 2.2029
0.0425211 -0.129477 1.99086
-0.0875983 -0.335202 0.742039
0.543451 -0.183531 0.291936
-0.07404 -0.281408 0.959158
-0.036738 -0.427433 0.51658
0.331234 0.650471 0.174638
0.170663 0.632529 0.218826
-0.45755 0.396419 0.260152
-0.253376 0.273595 0.657739
0.245561 0.317669 0.580604
0.732711 0.196905 0.161905
0.508164 -0.151615 0.34379
0.537047 -0.0983575 0.322338
0.541518 -0.0479936 0.326549
-0.639528 -0.148673 0.218596
-0.0478377 0.0126469 2.64393
-0.0472091 -0.0612042 2.46078
-0.554762 -0.075148 0.307125
0.291746 -0.0758911 0.912109
0.142501 -0.189479 1.23746
-0.309032 -0.506635 0.271916
0.669235 0.11955 0.203003
-0.113012 0.597856 0.257167
0.0290713 0.358109 0.698589
-0.177948 0.530211 0.306909
-0.1271 0.25484 0.980874
-0.127959 -0.116216 1.69159
-0.453445 -0.186745 0.402078
0.304686 0.129087 0.792732
0.473887 0.184076 0.374689
-0.132667 0.0534015 1.93539
-0.219454 0.0180292 1.34714
0.393974 -0.189688 0.499641
-0.136278 0.154892 1.43534
-0.129927 -0.177411 1.3469
0.504774 -0.0582249 0.375055
-0.104117 -0.403816 0.543098
0.257702 0.0233434 1.11707
0.444691 0.0948559 0.465135
0.503772 0.163321 0.344595
0.398059 0.172271 0.506834
-0.156864 0.212538 1.08158
-0.14047 -0.285803 0.840786
0.419191 -0.0362825 0.535557
0.0140975 0.0217955 2.75075
0.495812 0.207921 0.334314
-0.312179 -0.0963285 0.813048
0.359086 0.0899899 0.666762
