1 96.4071
2 95.0777
3 93.8826
4 92.827
5 91.9223
6 91.171
7 90.5643
8 90.0858
9 89.7157
10 89.4336
11 89.2212
12 89.0625
13 88.9449
14 88.858
15 88.7941
16 88.7473
17 88.713
18 88.6879
19 88.6696
20 88.6562
21 88.6465
22 88.6394
23 88.6342
24 88.6305
25 88.6277
26 88.6257
27 88.6243
28 88.6232
29 88.6224
30 88.6219
31 88.6215
32 88.6212
33 88.6209
34 88.6208
35 88.6207
36 88.6206
37 88.6205
38 88.6205
39 88.6205
40 88.6204
41 88.6204
42 88.6204
43 88.6204
44 88.6204
45 88.6204
46 88.6204
47 88.6204
48 88.6204
49 88.6204
50 88.6204
51 88.6204
52 88.6204
53 88.6204
54 88.6204
55 88.6204
56 88.6204
57 88.6204
58 88.6204
59 88.6204
60 88.6204
61 88.6204
62 88.6204
63 88.6204
64 88.6204
65 88.6204
