# x y u_h(x,y)
            0            0            1
      0.03125            0     0.995185
       0.0625            0     0.980785
      0.09375            0      0.95694
        0.125            0      0.92388
      0.15625            0     0.881921
       0.1875            0      0.83147
      0.21875            0      0.77301
         0.25            0     0.707107
      0.28125            0     0.634393
       0.3125            0      0.55557
      0.34375            0     0.471397
        0.375            0     0.382683
      0.40625            0     0.290285
       0.4375            0      0.19509
      0.46875            0    0.0980171
          0.5            0  6.12323e-17
      0.53125            0   -0.0980171
       0.5625            0     -0.19509
      0.59375            0    -0.290285
        0.625            0    -0.382683
      0.65625            0    -0.471397
       0.6875            0     -0.55557
      0.71875            0    -0.634393
         0.75            0    -0.707107
      0.78125            0     -0.77301
       0.8125            0     -0.83147
      0.84375            0    -0.881921
        0.875            0     -0.92388
      0.90625            0     -0.95694
       0.9375            0    -0.980785
      0.96875            0    -0.995185
            1            0           -1

            0      0.03125     0.995185
      0.03125      0.03125     0.990413
       0.0625      0.03125     0.976095
      0.09375      0.03125     0.952373
        0.125      0.03125     0.919476
      0.15625      0.03125     0.877722
       0.1875      0.03125     0.827513
      0.21875      0.03125     0.769335
         0.25      0.03125     0.703746
      0.28125      0.03125     0.631379
       0.3125      0.03125     0.552931
      0.34375      0.03125     0.469158
        0.375      0.03125     0.380867
      0.40625      0.03125     0.288907
       0.4375      0.03125     0.194164
      0.46875      0.03125    0.0975519
          0.5      0.03125  3.42905e-11
      0.53125      0.03125   -0.0975519
       0.5625      0.03125    -0.194164
      0.59375      0.03125    -0.288907
        0.625      0.03125    -0.380867
      0.65625      0.03125    -0.469158
       0.6875      0.03125    -0.552931
      0.71875      0.03125    -0.631379
         0.75      0.03125    -0.703746
      0.78125      0.03125    -0.769335
       0.8125      0.03125    -0.827513
      0.84375      0.03125    -0.877722
        0.875      0.03125    -0.919476
      0.90625      0.03125    -0.952373
       0.9375      0.03125    -0.976095
      0.96875      0.03125    -0.990413
            1      0.03125    -0.995185

            0       0.0625     0.980785
      0.03125       0.0625     0.976095
       0.0625       0.0625     0.961994
      0.09375       0.0625     0.938622
        0.125       0.0625     0.906205
      0.15625       0.0625     0.865058
       0.1875       0.0625     0.815577
      0.21875       0.0625      0.75824
         0.25       0.0625     0.693598
      0.28125       0.0625     0.622276
       0.3125       0.0625      0.54496
      0.34375       0.0625     0.462395
        0.375       0.0625     0.375377
      0.40625       0.0625     0.284742
       0.4375       0.0625     0.191366
      0.46875       0.0625    0.0961459
          0.5       0.0625  3.39856e-11
      0.53125       0.0625   -0.0961459
       0.5625       0.0625    -0.191366
      0.59375       0.0625    -0.284742
        0.625       0.0625    -0.375377
      0.65625       0.0625    -0.462395
       0.6875       0.0625     -0.54496
      0.71875       0.0625    -0.622276
         0.75       0.0625    -0.693598
      0.78125       0.0625     -0.75824
       0.8125       0.0625    -0.815577
      0.84375       0.0625    -0.865058
        0.875       0.0625    -0.906205
      0.90625       0.0625    -0.938622
       0.9375       0.0625    -0.961994
      0.96875       0.0625    -0.976095
            1       0.0625    -0.980785

            0      0.09375      0.95694
      0.03125      0.09375     0.952373
       0.0625      0.09375     0.938622
      0.09375      0.09375     0.915823
        0.125      0.09375     0.884199
      0.15625      0.09375     0.844054
       0.1875      0.09375     0.795777
      0.21875      0.09375     0.739834
         0.25      0.09375     0.676763
      0.28125      0.09375     0.607173
       0.3125      0.09375     0.531734
      0.34375      0.09375     0.451173
        0.375      0.09375     0.366267
      0.40625      0.09375     0.277832
       0.4375      0.09375     0.186722
      0.46875      0.09375    0.0938127
          0.5      0.09375   1.3361e-11
      0.53125      0.09375   -0.0938127
       0.5625      0.09375    -0.186722
      0.59375      0.09375    -0.277832
        0.625      0.09375    -0.366267
      0.65625      0.09375    -0.451173
       0.6875      0.09375    -0.531734
      0.71875      0.09375    -0.607173
         0.75      0.09375    -0.676763
      0.78125      0.09375    -0.739834
       0.8125      0.09375    -0.795777
      0.84375      0.09375    -0.844054
        0.875      0.09375    -0.884199
      0.90625      0.09375    -0.915823
       0.9375      0.09375    -0.938622
      0.96875      0.09375    -0.952373
            1      0.09375     -0.95694

            0        0.125      0.92388
      0.03125        0.125     0.919476
       0.0625        0.125     0.906205
      0.09375        0.125     0.884199
        0.125        0.125      0.85367
      0.15625        0.125     0.814914
       0.1875        0.125     0.768306
      0.21875        0.125     0.714296
         0.25        0.125     0.653403
      0.28125        0.125     0.586216
       0.3125        0.125     0.513382
      0.34375        0.125     0.435602
        0.375        0.125     0.353626
      0.40625        0.125     0.268244
       0.4375        0.125     0.180278
      0.46875        0.125    0.0905751
          0.5        0.125  -2.9143e-11
      0.53125        0.125   -0.0905751
       0.5625        0.125    -0.180278
      0.59375        0.125    -0.268244
        0.625        0.125    -0.353626
      0.65625        0.125    -0.435602
       0.6875        0.125    -0.513382
      0.71875        0.125    -0.586216
         0.75        0.125    -0.653403
      0.78125        0.125    -0.714296
       0.8125        0.125    -0.768306
      0.84375        0.125    -0.814914
        0.875        0.125     -0.85367
      0.90625        0.125    -0.884199
       0.9375        0.125    -0.906205
      0.96875        0.125    -0.919476
            1        0.125     -0.92388

            0      0.15625     0.881921
      0.03125      0.15625     0.877722
       0.0625      0.15625     0.865058
      0.09375      0.15625     0.844054
        0.125      0.15625     0.814914
      0.15625      0.15625      0.77792
       0.1875      0.15625      0.73343
      0.21875      0.15625     0.681873
         0.25      0.15625     0.623745
      0.28125      0.15625     0.559609
       0.3125      0.15625     0.490081
      0.34375      0.15625     0.415831
        0.375      0.15625     0.337576
      0.40625      0.15625     0.256069
       0.4375      0.15625     0.172096
      0.46875      0.15625    0.0864643
          0.5      0.15625 -7.21602e-11
      0.53125      0.15625   -0.0864643
       0.5625      0.15625    -0.172096
      0.59375      0.15625    -0.256069
        0.625      0.15625    -0.337576
      0.65625      0.15625    -0.415831
       0.6875      0.15625    -0.490081
      0.71875      0.15625    -0.559609
         0.75      0.15625    -0.623745
      0.78125      0.15625    -0.681873
       0.8125      0.15625     -0.73343
      0.84375      0.15625     -0.77792
        0.875      0.15625    -0.814914
      0.90625      0.15625    -0.844054
       0.9375      0.15625    -0.865058
      0.96875      0.15625    -0.877722
            1      0.15625    -0.881921

            0       0.1875      0.83147
      0.03125       0.1875     0.827513
       0.0625       0.1875     0.815577
      0.09375       0.1875     0.795777
        0.125       0.1875     0.768306
      0.15625       0.1875      0.73343
       0.1875       0.1875     0.691486
      0.21875       0.1875     0.642878
         0.25       0.1875     0.588075
      0.28125       0.1875     0.527607
       0.3125       0.1875     0.462056
      0.34375       0.1875     0.392053
        0.375       0.1875     0.318273
      0.40625       0.1875     0.241427
       0.4375       0.1875     0.162255
      0.46875       0.1875    0.0815201
          0.5       0.1875 -1.30649e-10
      0.53125       0.1875   -0.0815201
       0.5625       0.1875    -0.162255
      0.59375       0.1875    -0.241427
        0.625       0.1875    -0.318273
      0.65625       0.1875    -0.392053
       0.6875       0.1875    -0.462056
      0.71875       0.1875    -0.527607
         0.75       0.1875    -0.588075
      0.78125       0.1875    -0.642878
       0.8125       0.1875    -0.691486
      0.84375       0.1875     -0.73343
        0.875       0.1875    -0.768306
      0.90625       0.1875    -0.795777
       0.9375       0.1875    -0.815577
      0.96875       0.1875    -0.827513
            1       0.1875     -0.83147

            0      0.21875      0.77301
      0.03125      0.21875     0.769335
       0.0625      0.21875      0.75824
      0.09375      0.21875     0.739834
        0.125      0.21875     0.714296
      0.15625      0.21875     0.681873
       0.1875      0.21875     0.642878
      0.21875      0.21875     0.597688
         0.25      0.21875     0.546738
      0.28125      0.21875     0.490521
       0.3125      0.21875     0.429578
      0.34375      0.21875     0.364495
        0.375      0.21875     0.295902
      0.40625      0.21875     0.224457
       0.4375      0.21875      0.15085
      0.46875      0.21875    0.0757902
          0.5      0.21875 -1.84774e-10
      0.53125      0.21875   -0.0757902
       0.5625      0.21875     -0.15085
      0.59375      0.21875    -0.224457
        0.625      0.21875    -0.295902
      0.65625      0.21875    -0.364495
       0.6875      0.21875    -0.429578
      0.71875      0.21875    -0.490521
         0.75      0.21875    -0.546738
      0.78125      0.21875    -0.597688
       0.8125      0.21875    -0.642878
      0.84375      0.21875    -0.681873
        0.875      0.21875    -0.714296
      0.90625      0.21875    -0.739834
       0.9375      0.21875     -0.75824
      0.96875      0.21875    -0.769335
            1      0.21875     -0.77301

            0         0.25     0.707107
      0.03125         0.25     0.703746
       0.0625         0.25     0.693598
      0.09375         0.25     0.676763
        0.125         0.25     0.653403
      0.15625         0.25     0.623745
       0.1875         0.25     0.588075
      0.21875         0.25     0.546738
         0.25         0.25     0.500133
      0.28125         0.25     0.448708
       0.3125         0.25      0.39296
      0.34375         0.25     0.333425
        0.375         0.25     0.270679
      0.40625         0.25     0.205324
       0.4375         0.25     0.137992
      0.46875         0.25    0.0693298
          0.5         0.25 -2.31503e-10
      0.53125         0.25   -0.0693298
       0.5625         0.25    -0.137992
      0.59375         0.25    -0.205324
        0.625         0.25    -0.270679
      0.65625         0.25    -0.333425
       0.6875         0.25     -0.39296
      0.71875         0.25    -0.448708
         0.75         0.25    -0.500133
      0.78125         0.25    -0.546738
       0.8125         0.25    -0.588075
      0.84375         0.25    -0.623745
        0.875         0.25    -0.653403
      0.90625         0.25    -0.676763
       0.9375         0.25    -0.693598
      0.96875         0.25    -0.703746
            1         0.25    -0.707107

            0      0.28125     0.634393
      0.03125      0.28125     0.631379
       0.0625      0.28125     0.622276
      0.09375      0.28125     0.607173
        0.125      0.28125     0.586216
      0.15625      0.28125     0.559609
       0.1875      0.28125     0.527607
      0.21875      0.28125     0.490521
         0.25      0.28125     0.448708
      0.28125      0.28125     0.402571
       0.3125      0.28125     0.352555
      0.34375      0.28125     0.299142
        0.375      0.28125     0.242847
      0.40625      0.28125     0.184213
       0.4375      0.28125     0.123803
      0.46875      0.28125    0.0622014
          0.5      0.28125 -2.73464e-10
      0.53125      0.28125   -0.0622014
       0.5625      0.28125    -0.123803
      0.59375      0.28125    -0.184213
        0.625      0.28125    -0.242847
      0.65625      0.28125    -0.299142
       0.6875      0.28125    -0.352555
      0.71875      0.28125    -0.402571
         0.75      0.28125    -0.448708
      0.78125      0.28125    -0.490521
       0.8125      0.28125    -0.527607
      0.84375      0.28125    -0.559609
        0.875      0.28125    -0.586216
      0.90625      0.28125    -0.607173
       0.9375      0.28125    -0.622276
      0.96875      0.28125    -0.631379
            1      0.28125    -0.634393

            0       0.3125      0.55557
      0.03125       0.3125     0.552931
       0.0625       0.3125      0.54496
      0.09375       0.3125     0.531734
        0.125       0.3125     0.513382
      0.15625       0.3125     0.490081
       0.1875       0.3125     0.462056
      0.21875       0.3125     0.429578
         0.25       0.3125      0.39296
      0.28125       0.3125     0.352555
       0.3125       0.3125     0.308753
      0.34375       0.3125     0.261977
        0.375       0.3125     0.212676
      0.40625       0.3125     0.161326
       0.4375       0.3125     0.108422
      0.46875       0.3125    0.0544735
          0.5       0.3125 -3.17109e-10
      0.53125       0.3125   -0.0544735
       0.5625       0.3125    -0.108422
      0.59375       0.3125    -0.161326
        0.625       0.3125    -0.212676
      0.65625       0.3125    -0.261977
       0.6875       0.3125    -0.308753
      0.71875       0.3125    -0.352555
         0.75       0.3125     -0.39296
      0.78125       0.3125    -0.429578
       0.8125       0.3125    -0.462056
      0.84375       0.3125    -0.490081
        0.875       0.3125    -0.513382
      0.90625       0.3125    -0.531734
       0.9375       0.3125     -0.54496
      0.96875       0.3125    -0.552931
            1       0.3125     -0.55557

            0      0.34375     0.471397
      0.03125      0.34375     0.469158
       0.0625      0.34375     0.462395
      0.09375      0.34375     0.451173
        0.125      0.34375     0.435602
      0.15625      0.34375     0.415831
       0.1875      0.34375     0.392053
      0.21875      0.34375     0.364495
         0.25      0.34375     0.333425
      0.28125      0.34375     0.299142
       0.3125      0.34375     0.261977
      0.34375      0.34375     0.222287
        0.375      0.34375     0.180455
      0.40625      0.34375     0.136885
       0.4375      0.34375    0.0919962
      0.46875      0.34375    0.0462207
          0.5      0.34375 -3.48564e-10
      0.53125      0.34375   -0.0462207
       0.5625      0.34375   -0.0919962
      0.59375      0.34375    -0.136885
        0.625      0.34375    -0.180455
      0.65625      0.34375    -0.222287
       0.6875      0.34375    -0.261977
      0.71875      0.34375    -0.299142
         0.75      0.34375    -0.333425
      0.78125      0.34375    -0.364495
       0.8125      0.34375    -0.392053
      0.84375      0.34375    -0.415831
        0.875      0.34375    -0.435602
      0.90625      0.34375    -0.451173
       0.9375      0.34375    -0.462395
      0.96875      0.34375    -0.469158
            1      0.34375    -0.471397

            0        0.375     0.382683
      0.03125        0.375     0.380867
       0.0625        0.375     0.375377
      0.09375        0.375     0.366267
        0.125        0.375     0.353626
      0.15625        0.375     0.337576
       0.1875        0.375     0.318273
      0.21875        0.375     0.295902
         0.25        0.375     0.270679
      0.28125        0.375     0.242847
       0.3125        0.375     0.212676
      0.34375        0.375     0.180455
        0.375        0.375     0.146496
      0.40625        0.375     0.111125
       0.4375        0.375    0.0746837
      0.46875        0.375    0.0375226
          0.5        0.375 -3.63778e-10
      0.53125        0.375   -0.0375226
       0.5625        0.375   -0.0746837
      0.59375        0.375    -0.111125
        0.625        0.375    -0.146496
      0.65625        0.375    -0.180455
       0.6875        0.375    -0.212676
      0.71875        0.375    -0.242847
         0.75        0.375    -0.270679
      0.78125        0.375    -0.295902
       0.8125        0.375    -0.318273
      0.84375        0.375    -0.337576
        0.875        0.375    -0.353626
      0.90625        0.375    -0.366267
       0.9375        0.375    -0.375377
      0.96875        0.375    -0.380867
            1        0.375    -0.382683

            0      0.40625     0.290285
      0.03125      0.40625     0.288907
       0.0625      0.40625     0.284742
      0.09375      0.40625     0.277832
        0.125      0.40625     0.268244
      0.15625      0.40625     0.256069
       0.1875      0.40625     0.241427
      0.21875      0.40625     0.224457
         0.25      0.40625     0.205324
      0.28125      0.40625     0.184213
       0.3125      0.40625     0.161326
      0.34375      0.40625     0.136885
        0.375      0.40625     0.111125
      0.40625      0.40625    0.0842945
       0.4375      0.40625    0.0566517
      0.46875      0.40625    0.0284629
          0.5      0.40625 -3.57899e-10
      0.53125      0.40625   -0.0284629
       0.5625      0.40625   -0.0566517
      0.59375      0.40625   -0.0842945
        0.625      0.40625    -0.111125
      0.65625      0.40625    -0.136885
       0.6875      0.40625    -0.161326
      0.71875      0.40625    -0.184213
         0.75      0.40625    -0.205324
      0.78125      0.40625    -0.224457
       0.8125      0.40625    -0.241427
      0.84375      0.40625    -0.256069
        0.875      0.40625    -0.268244
      0.90625      0.40625    -0.277832
       0.9375      0.40625    -0.284742
      0.96875      0.40625    -0.288907
            1      0.40625    -0.290285

            0       0.4375      0.19509
      0.03125       0.4375     0.194164
       0.0625       0.4375     0.191366
      0.09375       0.4375     0.186722
        0.125       0.4375     0.180278
      0.15625       0.4375     0.172096
       0.1875       0.4375     0.162255
      0.21875       0.4375      0.15085
         0.25       0.4375     0.137992
      0.28125       0.4375     0.123803
       0.3125       0.4375     0.108422
      0.34375       0.4375    0.0919962
        0.375       0.4375    0.0746837
      0.40625       0.4375    0.0566517
       0.4375       0.4375    0.0380738
      0.46875       0.4375     0.019129
          0.5       0.4375 -3.40779e-10
      0.53125       0.4375    -0.019129
       0.5625       0.4375   -0.0380738
      0.59375       0.4375   -0.0566517
        0.625       0.4375   -0.0746837
      0.65625       0.4375   -0.0919962
       0.6875       0.4375    -0.108422
      0.71875       0.4375    -0.123803
         0.75       0.4375    -0.137992
      0.78125       0.4375     -0.15085
       0.8125       0.4375    -0.162255
      0.84375       0.4375    -0.172096
        0.875       0.4375    -0.180278
      0.90625       0.4375    -0.186722
       0.9375       0.4375    -0.191366
      0.96875       0.4375    -0.194164
            1       0.4375     -0.19509

            0      0.46875    0.0980171
      0.03125      0.46875    0.0975519
       0.0625      0.46875    0.0961459
      0.09375      0.46875    0.0938127
        0.125      0.46875    0.0905751
      0.15625      0.46875    0.0864643
       0.1875      0.46875    0.0815201
      0.21875      0.46875    0.0757902
         0.25      0.46875    0.0693298
      0.28125      0.46875    0.0622014
       0.3125      0.46875    0.0544735
      0.34375      0.46875    0.0462207
        0.375      0.46875    0.0375226
      0.40625      0.46875    0.0284629
       0.4375      0.46875     0.019129
      0.46875      0.46875   0.00961081
          0.5      0.46875 -3.26458e-10
      0.53125      0.46875  -0.00961082
       0.5625      0.46875    -0.019129
      0.59375      0.46875   -0.0284629
        0.625      0.46875   -0.0375226
      0.65625      0.46875   -0.0462207
       0.6875      0.46875   -0.0544735
      0.71875      0.46875   -0.0622014
         0.75      0.46875   -0.0693298
      0.78125      0.46875   -0.0757902
       0.8125      0.46875   -0.0815201
      0.84375      0.46875   -0.0864643
        0.875      0.46875   -0.0905751
      0.90625      0.46875   -0.0938127
       0.9375      0.46875   -0.0961459
      0.96875      0.46875   -0.0975519
            1      0.46875   -0.0980171

            0          0.5  6.12323e-17
      0.03125          0.5  3.42906e-11
       0.0625          0.5  3.39856e-11
      0.09375          0.5  1.33611e-11
        0.125          0.5 -2.91429e-11
      0.15625          0.5 -7.21601e-11
       0.1875          0.5 -1.30649e-10
      0.21875          0.5 -1.84773e-10
         0.25          0.5 -2.31503e-10
      0.28125          0.5 -2.73464e-10
       0.3125          0.5 -3.17109e-10
      0.34375          0.5 -3.48564e-10
        0.375          0.5 -3.63778e-10
      0.40625          0.5 -3.57899e-10
       0.4375          0.5 -3.40779e-10
      0.46875          0.5 -3.26458e-10
          0.5          0.5 -3.14231e-10
      0.53125          0.5 -2.92473e-10
       0.5625          0.5 -2.56684e-10
      0.59375          0.5 -2.16198e-10
        0.625          0.5 -1.78836e-10
      0.65625          0.5 -1.54079e-10
       0.6875          0.5 -1.31244e-10
      0.71875          0.5 -1.12118e-10
         0.75          0.5 -9.33837e-11
      0.78125          0.5 -7.63099e-11
       0.8125          0.5 -6.10931e-11
      0.84375          0.5 -4.78615e-11
        0.875          0.5 -3.55717e-11
      0.90625          0.5 -2.38218e-11
       0.9375          0.5 -1.52362e-11
      0.96875          0.5 -6.87712e-12
            1          0.5 -6.12323e-17

            0      0.53125   -0.0980171
      0.03125      0.53125   -0.0975519
       0.0625      0.53125   -0.0961459
      0.09375      0.53125   -0.0938127
        0.125      0.53125   -0.0905751
      0.15625      0.53125   -0.0864643
       0.1875      0.53125   -0.0815201
      0.21875      0.53125   -0.0757902
         0.25      0.53125   -0.0693298
      0.28125      0.53125   -0.0622014
       0.3125      0.53125   -0.0544735
      0.34375      0.53125   -0.0462207
        0.375      0.53125   -0.0375226
      0.40625      0.53125   -0.0284629
       0.4375      0.53125    -0.019129
      0.46875      0.53125  -0.00961082
          0.5      0.53125 -2.92473e-10
      0.53125      0.53125   0.00961081
       0.5625      0.53125     0.019129
      0.59375      0.53125    0.0284629
        0.625      0.53125    0.0375226
      0.65625      0.53125    0.0462207
       0.6875      0.53125    0.0544735
      0.71875      0.53125    0.0622014
         0.75      0.53125    0.0693298
      0.78125      0.53125    0.0757902
       0.8125      0.53125    0.0815201
      0.84375      0.53125    0.0864643
        0.875      0.53125    0.0905751
      0.90625      0.53125    0.0938127
       0.9375      0.53125    0.0961459
      0.96875      0.53125    0.0975519
            1      0.53125    0.0980171

            0       0.5625     -0.19509
      0.03125       0.5625    -0.194164
       0.0625       0.5625    -0.191366
      0.09375       0.5625    -0.186722
        0.125       0.5625    -0.180278
      0.15625       0.5625    -0.172096
       0.1875       0.5625    -0.162255
      0.21875       0.5625     -0.15085
         0.25       0.5625    -0.137992
      0.28125       0.5625    -0.123803
       0.3125       0.5625    -0.108422
      0.34375       0.5625   -0.0919962
        0.375       0.5625   -0.0746837
      0.40625       0.5625   -0.0566517
       0.4375       0.5625   -0.0380738
      0.46875       0.5625    -0.019129
          0.5       0.5625 -2.56684e-10
      0.53125       0.5625     0.019129
       0.5625       0.5625    0.0380738
      0.59375       0.5625    0.0566517
        0.625       0.5625    0.0746837
      0.65625       0.5625    0.0919962
       0.6875       0.5625     0.108422
      0.71875       0.5625     0.123803
         0.75       0.5625     0.137992
      0.78125       0.5625      0.15085
       0.8125       0.5625     0.162255
      0.84375       0.5625     0.172096
        0.875       0.5625     0.180278
      0.90625       0.5625     0.186722
       0.9375       0.5625     0.191366
      0.96875       0.5625     0.194164
            1       0.5625      0.19509

            0      0.59375    -0.290285
      0.03125      0.59375    -0.288907
       0.0625      0.59375    -0.284742
      0.09375      0.59375    -0.277832
        0.125      0.59375    -0.268244
      0.15625      0.59375    -0.256069
       0.1875      0.59375    -0.241427
      0.21875      0.59375    -0.224457
         0.25      0.59375    -0.205324
      0.28125      0.59375    -0.184213
       0.3125      0.59375    -0.161326
      0.34375      0.59375    -0.136885
        0.375      0.59375    -0.111125
      0.40625      0.59375   -0.0842945
       0.4375      0.59375   -0.0566517
      0.46875      0.59375   -0.0284629
          0.5      0.59375 -2.16197e-10
      0.53125      0.59375    0.0284629
       0.5625      0.59375    0.0566517
      0.59375      0.59375    0.0842945
        0.625      0.59375     0.111125
      0.65625      0.59375     0.136885
       0.6875      0.59375     0.161326
      0.71875      0.59375     0.184213
         0.75      0.59375     0.205324
      0.78125      0.59375     0.224457
       0.8125      0.59375     0.241427
      0.84375      0.59375     0.256069
        0.875      0.59375     0.268244
      0.90625      0.59375     0.277832
       0.9375      0.59375     0.284742
      0.96875      0.59375     0.288907
            1      0.59375     0.290285

            0        0.625    -0.382683
      0.03125        0.625    -0.380867
       0.0625        0.625    -0.375377
      0.09375        0.625    -0.366267
        0.125        0.625    -0.353626
      0.15625        0.625    -0.337576
       0.1875        0.625    -0.318273
      0.21875        0.625    -0.295902
         0.25        0.625    -0.270679
      0.28125        0.625    -0.242847
       0.3125        0.625    -0.212676
      0.34375        0.625    -0.180455
        0.375        0.625    -0.146496
      0.40625        0.625    -0.111125
       0.4375        0.625   -0.0746837
      0.46875        0.625   -0.0375226
          0.5        0.625 -1.78836e-10
      0.53125        0.625    0.0375226
       0.5625        0.625    0.0746837
      0.59375        0.625     0.111125
        0.625        0.625     0.146496
      0.65625        0.625     0.180455
       0.6875        0.625     0.212676
      0.71875        0.625     0.242847
         0.75        0.625     0.270679
      0.78125        0.625     0.295902
       0.8125        0.625     0.318273
      0.84375        0.625     0.337576
        0.875        0.625     0.353626
      0.90625        0.625     0.366267
       0.9375        0.625     0.375377
      0.96875        0.625     0.380867
            1        0.625     0.382683

            0      0.65625    -0.471397
      0.03125      0.65625    -0.469158
       0.0625      0.65625    -0.462395
      0.09375      0.65625    -0.451173
        0.125      0.65625    -0.435602
      0.15625      0.65625    -0.415831
       0.1875      0.65625    -0.392053
      0.21875      0.65625    -0.364495
         0.25      0.65625    -0.333425
      0.28125      0.65625    -0.299142
       0.3125      0.65625    -0.261977
      0.34375      0.65625    -0.222287
        0.375      0.65625    -0.180455
      0.40625      0.65625    -0.136885
       0.4375      0.65625   -0.0919962
      0.46875      0.65625   -0.0462207
          0.5      0.65625 -1.54079e-10
      0.53125      0.65625    0.0462207
       0.5625      0.65625    0.0919962
      0.59375      0.65625     0.136885
        0.625      0.65625     0.180455
      0.65625      0.65625     0.222287
       0.6875      0.65625     0.261977
      0.71875      0.65625     0.299142
         0.75      0.65625     0.333425
      0.78125      0.65625     0.364495
       0.8125      0.65625     0.392053
      0.84375      0.65625     0.415831
        0.875      0.65625     0.435602
      0.90625      0.65625     0.451173
       0.9375      0.65625     0.462395
      0.96875      0.65625     0.469158
            1      0.65625     0.471397

            0       0.6875     -0.55557
      0.03125       0.6875    -0.552931
       0.0625       0.6875     -0.54496
      0.09375       0.6875    -0.531734
        0.125       0.6875    -0.513382
      0.15625       0.6875    -0.490081
       0.1875       0.6875    -0.462056
      0.21875       0.6875    -0.429578
         0.25       0.6875     -0.39296
      0.28125       0.6875    -0.352555
       0.3125       0.6875    -0.308753
      0.34375       0.6875    -0.261977
        0.375       0.6875    -0.212676
      0.40625       0.6875    -0.161326
       0.4375       0.6875    -0.108422
      0.46875       0.6875   -0.0544735
          0.5       0.6875 -1.31244e-10
      0.53125       0.6875    0.0544735
       0.5625       0.6875     0.108422
      0.59375       0.6875     0.161326
        0.625       0.6875     0.212676
      0.65625       0.6875     0.261977
       0.6875       0.6875     0.308753
      0.71875       0.6875     0.352555
         0.75       0.6875      0.39296
      0.78125       0.6875     0.429578
       0.8125       0.6875     0.462056
      0.84375       0.6875     0.490081
        0.875       0.6875     0.513382
      0.90625       0.6875     0.531734
       0.9375       0.6875      0.54496
      0.96875       0.6875     0.552931
            1       0.6875      0.55557

            0      0.71875    -0.634393
      0.03125      0.71875    -0.631379
       0.0625      0.71875    -0.622276
      0.09375      0.71875    -0.607173
        0.125      0.71875    -0.586216
      0.15625      0.71875    -0.559609
       0.1875      0.71875    -0.527607
      0.21875      0.71875    -0.490521
         0.25      0.71875    -0.448708
      0.28125      0.71875    -0.402571
       0.3125      0.71875    -0.352555
      0.34375      0.71875    -0.299142
        0.375      0.71875    -0.242847
      0.40625      0.71875    -0.184213
       0.4375      0.71875    -0.123803
      0.46875      0.71875   -0.0622014
          0.5      0.71875 -1.12118e-10
      0.53125      0.71875    0.0622014
       0.5625      0.71875     0.123803
      0.59375      0.71875     0.184213
        0.625      0.71875     0.242847
      0.65625      0.71875     0.299142
       0.6875      0.71875     0.352555
      0.71875      0.71875     0.402571
         0.75      0.71875     0.448708
      0.78125      0.71875     0.490521
       0.8125      0.71875     0.527607
      0.84375      0.71875     0.559609
        0.875      0.71875     0.586216
      0.90625      0.71875     0.607173
       0.9375      0.71875     0.622276
      0.96875      0.71875     0.631379
            1      0.71875     0.634393

            0         0.75    -0.707107
      0.03125         0.75    -0.703746
       0.0625         0.75    -0.693598
      0.09375         0.75    -0.676763
        0.125         0.75    -0.653403
      0.15625         0.75    -0.623745
       0.1875         0.75    -0.588075
      0.21875         0.75    -0.546738
         0.25         0.75    -0.500133
      0.28125         0.75    -0.448708
       0.3125         0.75     -0.39296
      0.34375         0.75    -0.333425
        0.375         0.75    -0.270679
      0.40625         0.75    -0.205324
       0.4375         0.75    -0.137992
      0.46875         0.75   -0.0693298
          0.5         0.75 -9.33836e-11
      0.53125         0.75    0.0693298
       0.5625         0.75     0.137992
      0.59375         0.75     0.205324
        0.625         0.75     0.270679
      0.65625         0.75     0.333425
       0.6875         0.75      0.39296
      0.71875         0.75     0.448708
         0.75         0.75     0.500133
      0.78125         0.75     0.546738
       0.8125         0.75     0.588075
      0.84375         0.75     0.623745
        0.875         0.75     0.653403
      0.90625         0.75     0.676763
       0.9375         0.75     0.693598
      0.96875         0.75     0.703746
            1         0.75     0.707107

            0      0.78125     -0.77301
      0.03125      0.78125    -0.769335
       0.0625      0.78125     -0.75824
      0.09375      0.78125    -0.739834
        0.125      0.78125    -0.714296
      0.15625      0.78125    -0.681873
       0.1875      0.78125    -0.642878
      0.21875      0.78125    -0.597688
         0.25      0.78125    -0.546738
      0.28125      0.78125    -0.490521
       0.3125      0.78125    -0.429578
      0.34375      0.78125    -0.364495
        0.375      0.78125    -0.295902
      0.40625      0.78125    -0.224457
       0.4375      0.78125     -0.15085
      0.46875      0.78125   -0.0757902
          0.5      0.78125 -7.63098e-11
      0.53125      0.78125    0.0757902
       0.5625      0.78125      0.15085
      0.59375      0.78125     0.224457
        0.625      0.78125     0.295902
      0.65625      0.78125     0.364495
       0.6875      0.78125     0.429578
      0.71875      0.78125     0.490521
         0.75      0.78125     0.546738
      0.78125      0.78125     0.597688
       0.8125      0.78125     0.642878
      0.84375      0.78125     0.681873
        0.875      0.78125     0.714296
      0.90625      0.78125     0.739834
       0.9375      0.78125      0.75824
      0.96875      0.78125     0.769335
            1      0.78125      0.77301

            0       0.8125     -0.83147
      0.03125       0.8125    -0.827513
       0.0625       0.8125    -0.815577
      0.09375       0.8125    -0.795777
        0.125       0.8125    -0.768306
      0.15625       0.8125     -0.73343
       0.1875       0.8125    -0.691486
      0.21875       0.8125    -0.642878
         0.25       0.8125    -0.588075
      0.28125       0.8125    -0.527607
       0.3125       0.8125    -0.462056
      0.34375       0.8125    -0.392053
        0.375       0.8125    -0.318273
      0.40625       0.8125    -0.241427
       0.4375       0.8125    -0.162255
      0.46875       0.8125   -0.0815201
          0.5       0.8125  -6.1093e-11
      0.53125       0.8125    0.0815201
       0.5625       0.8125     0.162255
      0.59375       0.8125     0.241427
        0.625       0.8125     0.318273
      0.65625       0.8125     0.392053
       0.6875       0.8125     0.462056
      0.71875       0.8125     0.527607
         0.75       0.8125     0.588075
      0.78125       0.8125     0.642878
       0.8125       0.8125     0.691486
      0.84375       0.8125      0.73343
        0.875       0.8125     0.768306
      0.90625       0.8125     0.795777
       0.9375       0.8125     0.815577
      0.96875       0.8125     0.827513
            1       0.8125      0.83147

            0      0.84375    -0.881921
      0.03125      0.84375    -0.877722
       0.0625      0.84375    -0.865058
      0.09375      0.84375    -0.844054
        0.125      0.84375    -0.814914
      0.15625      0.84375     -0.77792
       0.1875      0.84375     -0.73343
      0.21875      0.84375    -0.681873
         0.25      0.84375    -0.623745
      0.28125      0.84375    -0.559609
       0.3125      0.84375    -0.490081
      0.34375      0.84375    -0.415831
        0.375      0.84375    -0.337576
      0.40625      0.84375    -0.256069
       0.4375      0.84375    -0.172096
      0.46875      0.84375   -0.0864643
          0.5      0.84375 -4.78614e-11
      0.53125      0.84375    0.0864643
       0.5625      0.84375     0.172096
      0.59375      0.84375     0.256069
        0.625      0.84375     0.337576
      0.65625      0.84375     0.415831
       0.6875      0.84375     0.490081
      0.71875      0.84375     0.559609
         0.75      0.84375     0.623745
      0.78125      0.84375     0.681873
       0.8125      0.84375      0.73343
      0.84375      0.84375      0.77792
        0.875      0.84375     0.814914
      0.90625      0.84375     0.844054
       0.9375      0.84375     0.865058
      0.96875      0.84375     0.877722
            1      0.84375     0.881921

            0        0.875     -0.92388
      0.03125        0.875    -0.919476
       0.0625        0.875    -0.906205
      0.09375        0.875    -0.884199
        0.125        0.875     -0.85367
      0.15625        0.875    -0.814914
       0.1875        0.875    -0.768306
      0.21875        0.875    -0.714296
         0.25        0.875    -0.653403
      0.28125        0.875    -0.586216
       0.3125        0.875    -0.513382
      0.34375        0.875    -0.435602
        0.375        0.875    -0.353626
      0.40625        0.875    -0.268244
       0.4375        0.875    -0.180278
      0.46875        0.875   -0.0905751
          0.5        0.875 -3.55716e-11
      0.53125        0.875    0.0905751
       0.5625        0.875     0.180278
      0.59375        0.875     0.268244
        0.625        0.875     0.353626
      0.65625        0.875     0.435602
       0.6875        0.875     0.513382
      0.71875        0.875     0.586216
         0.75        0.875     0.653403
      0.78125        0.875     0.714296
       0.8125        0.875     0.768306
      0.84375        0.875     0.814914
        0.875        0.875      0.85367
      0.90625        0.875     0.884199
       0.9375        0.875     0.906205
      0.96875        0.875     0.919476
            1        0.875      0.92388

            0      0.90625     -0.95694
      0.03125      0.90625    -0.952373
       0.0625      0.90625    -0.938622
      0.09375      0.90625    -0.915823
        0.125      0.90625    -0.884199
      0.15625      0.90625    -0.844054
       0.1875      0.90625    -0.795777
      0.21875      0.90625    -0.739834
         0.25      0.90625    -0.676763
      0.28125      0.90625    -0.607173
       0.3125      0.90625    -0.531734
      0.34375      0.90625    -0.451173
        0.375      0.90625    -0.366267
      0.40625      0.90625    -0.277832
       0.4375      0.90625    -0.186722
      0.46875      0.90625   -0.0938127
          0.5      0.90625 -2.38217e-11
      0.53125      0.90625    0.0938127
       0.5625      0.90625     0.186722
      0.59375      0.90625     0.277832
        0.625      0.90625     0.366267
      0.65625      0.90625     0.451173
       0.6875      0.90625     0.531734
      0.71875      0.90625     0.607173
         0.75      0.90625     0.676763
      0.78125      0.90625     0.739834
       0.8125      0.90625     0.795777
      0.84375      0.90625     0.844054
        0.875      0.90625     0.884199
      0.90625      0.90625     0.915823
       0.9375      0.90625     0.938622
      0.96875      0.90625     0.952373
            1      0.90625      0.95694

            0       0.9375    -0.980785
      0.03125       0.9375    -0.976095
       0.0625       0.9375    -0.961994
      0.09375       0.9375    -0.938622
        0.125       0.9375    -0.906205
      0.15625       0.9375    -0.865058
       0.1875       0.9375    -0.815577
      0.21875       0.9375     -0.75824
         0.25       0.9375    -0.693598
      0.28125       0.9375    -0.622276
       0.3125       0.9375     -0.54496
      0.34375       0.9375    -0.462395
        0.375       0.9375    -0.375377
      0.40625       0.9375    -0.284742
       0.4375       0.9375    -0.191366
      0.46875       0.9375   -0.0961459
          0.5       0.9375 -1.52362e-11
      0.53125       0.9375    0.0961459
       0.5625       0.9375     0.191366
      0.59375       0.9375     0.284742
        0.625       0.9375     0.375377
      0.65625       0.9375     0.462395
       0.6875       0.9375      0.54496
      0.71875       0.9375     0.622276
         0.75       0.9375     0.693598
      0.78125       0.9375      0.75824
       0.8125       0.9375     0.815577
      0.84375       0.9375     0.865058
        0.875       0.9375     0.906205
      0.90625       0.9375     0.938622
       0.9375       0.9375     0.961994
      0.96875       0.9375     0.976095
            1       0.9375     0.980785

            0      0.96875    -0.995185
      0.03125      0.96875    -0.990413
       0.0625      0.96875    -0.976095
      0.09375      0.96875    -0.952373
        0.125      0.96875    -0.919476
      0.15625      0.96875    -0.877722
       0.1875      0.96875    -0.827513
      0.21875      0.96875    -0.769335
         0.25      0.96875    -0.703746
      0.28125      0.96875    -0.631379
       0.3125      0.96875    -0.552931
      0.34375      0.96875    -0.469158
        0.375      0.96875    -0.380867
      0.40625      0.96875    -0.288907
       0.4375      0.96875    -0.194164
      0.46875      0.96875   -0.0975519
          0.5      0.96875 -6.87711e-12
      0.53125      0.96875    0.0975519
       0.5625      0.96875     0.194164
      0.59375      0.96875     0.288907
        0.625      0.96875     0.380867
      0.65625      0.96875     0.469158
       0.6875      0.96875     0.552931
      0.71875      0.96875     0.631379
         0.75      0.96875     0.703746
      0.78125      0.96875     0.769335
       0.8125      0.96875     0.827513
      0.84375      0.96875     0.877722
        0.875      0.96875     0.919476
      0.90625      0.96875     0.952373
       0.9375      0.96875     0.976095
      0.96875      0.96875     0.990413
            1      0.96875     0.995185

            0            1           -1
      0.03125            1    -0.995185
       0.0625            1    -0.980785
      0.09375            1     -0.95694
        0.125            1     -0.92388
      0.15625            1    -0.881921
       0.1875            1     -0.83147
      0.21875            1     -0.77301
         0.25            1    -0.707107
      0.28125            1    -0.634393
       0.3125            1     -0.55557
      0.34375            1    -0.471397
        0.375            1    -0.382683
      0.40625            1    -0.290285
       0.4375            1     -0.19509
      0.46875            1   -0.0980171
          0.5            1 -6.12323e-17
      0.53125            1    0.0980171
       0.5625            1      0.19509
      0.59375            1     0.290285
        0.625            1     0.382683
      0.65625            1     0.471397
       0.6875            1      0.55557
      0.71875            1     0.634393
         0.75            1     0.707107
      0.78125            1      0.77301
       0.8125            1      0.83147
      0.84375            1     0.881921
        0.875            1      0.92388
      0.90625            1      0.95694
       0.9375            1     0.980785
      0.96875            1     0.995185
            1            1            1

